1,20200423  16:15:00,1.077875,1.07775,1.07775,1.077865
1,20200423  16:16:00,1.077895,1.077805,1.077865,1.077895
1,20200423  16:17:00,1.077905,1.077885,1.077895,1.0779
1,20200423  16:18:00,1.077925,1.077895,1.0779,1.077925
1,20200423  16:19:00,1.07818,1.07791,1.077925,1.07815
1,20200423  16:20:00,1.07855,1.077965,1.07815,1.07803
1,20200423  16:21:00,1.07811,1.077995,1.07803,1.07811
1,20200423  16:22:00,1.078185,1.07802,1.07811,1.078145
1,20200423  16:23:00,1.078145,1.07785,1.078145,1.07785
1,20200423  16:24:00,1.077955,1.07785,1.07785,1.077875
1,20200423  16:25:00,1.0779,1.07785,1.077875,1.077875
1,20200423  16:26:00,1.077875,1.07785,1.077875,1.077865
1,20200423  16:27:00,1.077875,1.07785,1.077865,1.077875
1,20200423  16:28:00,1.07797,1.07785,1.077875,1.07795
1,20200423  16:29:00,1.07804,1.07795,1.07795,1.078015
1,20200423  16:30:00,1.07808,1.078005,1.078015,1.07808
1,20200423  16:31:00,1.07808,1.078025,1.07808,1.07804
1,20200423  16:32:00,1.07807,1.078025,1.07804,1.078065
1,20200423  16:33:00,1.07811,1.078035,1.078065,1.0781
1,20200423  16:34:00,1.07812,1.0781,1.0781,1.078105
1,20200423  16:35:00,1.078105,1.078095,1.078105,1.078095
1,20200423  16:36:00,1.07811,1.078085,1.078095,1.07811
1,20200423  16:37:00,1.07812,1.07811,1.07811,1.078115
1,20200423  16:38:00,1.078125,1.0781,1.078115,1.07812
1,20200423  16:39:00,1.07812,1.07811,1.07812,1.078115
1,20200423  16:40:00,1.078115,1.0781,1.078115,1.0781
1,20200423  16:41:00,1.07814,1.078085,1.0781,1.078115
1,20200423  16:42:00,1.078175,1.07807,1.078115,1.07813
1,20200423  16:43:00,1.07822,1.078125,1.07813,1.078215
1,20200423  16:44:00,1.078215,1.07804,1.078215,1.078085
1,20200423  16:45:00,1.078435,1.07798,1.078085,1.078085
1,20200423  16:46:00,1.07817,1.078085,1.078085,1.07816
1,20200423  16:47:00,1.07833,1.078145,1.07816,1.07833
1,20200423  16:48:00,1.07833,1.078175,1.07833,1.078185
1,20200423  16:49:00,1.07833,1.078125,1.078185,1.07832
1,20200423  16:50:00,1.07838,1.07788,1.07832,1.078035
1,20200423  16:51:00,1.078335,1.078035,1.078035,1.078135
1,20200423  16:52:00,1.078275,1.077965,1.078135,1.077995
1,20200423  16:53:00,1.078005,1.07791,1.077995,1.077975
1,20200423  16:54:00,1.078025,1.077965,1.077975,1.078015
1,20200423  16:55:00,1.078025,1.07797,1.078015,1.078
1,20200423  16:56:00,1.07808,1.077985,1.078,1.07799
1,20200423  16:57:00,1.078095,1.077985,1.07799,1.07807
1,20200423  16:58:00,1.078075,1.07788,1.07807,1.077895
1,20200423  16:59:00,1.078025,1.077865,1.077895,1.07795
1,20200423  17:00:00,1.077955,1.077625,1.07795,1.077905
1,20200423  17:01:00,1.077925,1.077845,1.077905,1.077845
1,20200423  17:02:00,1.07789,1.077815,1.077845,1.077875
1,20200423  17:03:00,1.077925,1.077875,1.077875,1.077915
1,20200423  17:04:00,1.077995,1.077915,1.077915,1.07799
1,20200423  17:05:00,1.078015,1.07791,1.07799,1.077915
1,20200423  17:06:00,1.077925,1.07778,1.077915,1.07782
1,20200423  17:07:00,1.0779,1.0778,1.07782,1.0779
1,20200423  17:08:00,1.077935,1.07783,1.0779,1.077935
1,20200423  17:09:00,1.077935,1.077895,1.077935,1.077905
1,20200423  17:10:00,1.07793,1.077905,1.077905,1.077905
1,20200423  17:11:00,1.07791,1.07776,1.077905,1.077795
1,20200423  17:12:00,1.077865,1.077775,1.077795,1.077865
1,20200423  17:13:00,1.077885,1.07786,1.077865,1.077865
1,20200423  17:14:00,1.07788,1.077795,1.077865,1.07788
1,20200423  17:15:00,1.0779,1.07788,1.07788,1.0779
1,20200423  17:16:00,1.077915,1.07786,1.0779,1.077875
1,20200423  17:17:00,1.07789,1.07787,1.077875,1.07789
1,20200423  17:18:00,1.07789,1.077865,1.07789,1.077865
1,20200423  17:19:00,1.07789,1.077785,1.077865,1.0778
1,20200423  17:20:00,1.07786,1.077795,1.0778,1.0778
1,20200423  17:21:00,1.0779,1.0778,1.0778,1.0779
1,20200423  17:22:00,1.077925,1.07782,1.0779,1.07788
1,20200423  17:23:00,1.07788,1.077815,1.07788,1.07782
1,20200423  17:24:00,1.07783,1.07781,1.07782,1.07783
1,20200423  17:25:00,1.077835,1.077825,1.07783,1.07783
1,20200423  17:26:00,1.077835,1.077825,1.07783,1.07783
1,20200423  17:27:00,1.07783,1.07778,1.07783,1.07779
1,20200423  17:28:00,1.077815,1.077775,1.07779,1.077785
1,20200423  17:29:00,1.077815,1.077725,1.077785,1.077765
1,20200423  17:30:00,1.0778,1.077725,1.077765,1.077785
1,20200423  17:31:00,1.077785,1.07777,1.077785,1.077775
1,20200423  17:32:00,1.077775,1.077775,1.077775,1.077775
1,20200423  17:33:00,1.077905,1.07777,1.077775,1.077875
1,20200423  17:34:00,1.07792,1.07787,1.077875,1.07792
1,20200423  17:35:00,1.078005,1.07792,1.07792,1.07798
1,20200423  17:36:00,1.07799,1.077895,1.07798,1.07791
1,20200423  17:37:00,1.07791,1.0779,1.07791,1.0779
1,20200423  17:38:00,1.07794,1.0779,1.0779,1.077905
1,20200423  17:39:00,1.077905,1.07789,1.077905,1.077905
1,20200423  17:40:00,1.077955,1.0779,1.077905,1.077945
1,20200423  17:41:00,1.077945,1.077845,1.077945,1.077855
1,20200423  17:42:00,1.077925,1.077855,1.077855,1.077925
1,20200423  17:43:00,1.077955,1.077925,1.077925,1.077955
1,20200423  17:44:00,1.07798,1.07792,1.077955,1.07798
1,20200423  17:45:00,1.07801,1.077955,1.07798,1.077995
1,20200423  17:46:00,1.078035,1.077985,1.077995,1.077985
1,20200423  17:47:00,1.078015,1.077975,1.077985,1.07801
1,20200423  17:48:00,1.07803,1.07798,1.07801,1.07798
1,20200423  17:49:00,1.077985,1.07796,1.07798,1.07796
1,20200423  17:50:00,1.07802,1.077955,1.07796,1.07799
1,20200423  17:51:00,1.077995,1.077935,1.07799,1.077935
1,20200423  17:52:00,1.077975,1.077935,1.077935,1.07794
1,20200423  17:53:00,1.07794,1.07792,1.07794,1.077935
1,20200423  17:54:00,1.078015,1.07793,1.077935,1.078005
1,20200423  17:55:00,1.078005,1.077965,1.078005,1.07798
1,20200423  17:56:00,1.078035,1.07796,1.07798,1.07801
1,20200423  17:57:00,1.07803,1.078005,1.07801,1.07803
1,20200423  17:58:00,1.07804,1.078015,1.07803,1.078035
1,20200423  17:59:00,1.07804,1.077995,1.078035,1.077995
1,20200423  18:00:00,1.078005,1.077915,1.077995,1.07793
1,20200423  18:01:00,1.07793,1.077905,1.07793,1.077915
1,20200423  18:02:00,1.077985,1.077915,1.077915,1.07798
1,20200423  18:03:00,1.07798,1.07796,1.07798,1.077975
1,20200423  18:04:00,1.07798,1.077965,1.077975,1.077965
1,20200423  18:05:00,1.077985,1.07794,1.077965,1.077965
1,20200423  18:06:00,1.07797,1.077955,1.077965,1.07797
1,20200423  18:07:00,1.07802,1.077955,1.07797,1.07802
1,20200423  18:08:00,1.07802,1.077865,1.07802,1.077875
1,20200423  18:09:00,1.077895,1.077875,1.077875,1.07788
1,20200423  18:10:00,1.077895,1.07785,1.07788,1.077865
1,20200423  18:11:00,1.077865,1.077825,1.077865,1.07783
1,20200423  18:12:00,1.077845,1.07783,1.07783,1.077845
1,20200423  18:13:00,1.077905,1.077815,1.077845,1.077875
1,20200423  18:14:00,1.07789,1.07783,1.077875,1.07783
1,20200423  18:15:00,1.077925,1.077785,1.07783,1.077875
1,20200423  18:16:00,1.077875,1.077785,1.077875,1.077815
1,20200423  18:17:00,1.077815,1.07768,1.077815,1.07779
1,20200423  18:18:00,1.07784,1.07779,1.07779,1.07784
1,20200423  18:19:00,1.07787,1.07781,1.07784,1.07787
1,20200423  18:20:00,1.07787,1.077835,1.07787,1.07784
1,20200423  18:21:00,1.077885,1.077835,1.07784,1.077865
1,20200423  18:22:00,1.07791,1.07786,1.077865,1.0779
1,20200423  18:23:00,1.077925,1.077845,1.0779,1.077905
1,20200423  18:24:00,1.07791,1.077885,1.077905,1.077905
1,20200423  18:25:00,1.07794,1.077895,1.077905,1.077895
1,20200423  18:26:00,1.077905,1.07789,1.077895,1.0779
1,20200423  18:27:00,1.077905,1.07789,1.0779,1.077905
1,20200423  18:28:00,1.077905,1.0779,1.077905,1.077905
1,20200423  18:29:00,1.077905,1.077845,1.077905,1.0779
1,20200423  18:30:00,1.077975,1.077865,1.0779,1.077935
1,20200423  18:31:00,1.077955,1.077875,1.077935,1.07788
1,20200423  18:32:00,1.0779,1.077875,1.07788,1.077875
1,20200423  18:33:00,1.07788,1.077775,1.077875,1.07779
1,20200423  18:34:00,1.0778,1.07775,1.07779,1.077785
1,20200423  18:35:00,1.077845,1.077785,1.077785,1.07782
1,20200423  18:36:00,1.07782,1.0778,1.07782,1.0778
1,20200423  18:37:00,1.077805,1.07772,1.0778,1.07773
1,20200423  18:38:00,1.077745,1.07771,1.07773,1.07773
1,20200423  18:39:00,1.077735,1.07767,1.07773,1.07767
1,20200423  18:40:00,1.07767,1.077495,1.07767,1.077585
1,20200423  18:41:00,1.077585,1.07755,1.077585,1.07758
1,20200423  18:42:00,1.077595,1.07755,1.07758,1.077585
1,20200423  18:43:00,1.07759,1.077495,1.077585,1.07755
1,20200423  18:44:00,1.077835,1.077545,1.07755,1.07774
1,20200423  18:45:00,1.07782,1.077675,1.07774,1.07773
1,20200423  18:46:00,1.077925,1.077725,1.07773,1.07783
1,20200423  18:47:00,1.07783,1.077785,1.07783,1.077815
1,20200423  18:48:00,1.077815,1.077605,1.077815,1.077605
1,20200423  18:49:00,1.077605,1.07756,1.077605,1.07756
1,20200423  18:50:00,1.077635,1.077555,1.07756,1.077605
1,20200423  18:51:00,1.077635,1.077555,1.077605,1.077555
1,20200423  18:52:00,1.07756,1.07747,1.077555,1.07747
1,20200423  18:53:00,1.0775,1.077465,1.07747,1.0775
1,20200423  18:54:00,1.077545,1.077495,1.0775,1.07752
1,20200423  18:55:00,1.07755,1.077515,1.07752,1.077525
1,20200423  18:56:00,1.077575,1.07752,1.077525,1.077565
1,20200423  18:57:00,1.077565,1.0775,1.077565,1.0775
1,20200423  18:58:00,1.077505,1.0774,1.0775,1.0774
1,20200423  18:59:00,1.077465,1.077375,1.0774,1.077445
1,20200423  19:00:00,1.07762,1.077375,1.077445,1.07759
1,20200423  19:01:00,1.077615,1.077565,1.07759,1.077605
1,20200423  19:02:00,1.077765,1.07759,1.077605,1.077765
1,20200423  19:03:00,1.077905,1.07773,1.077765,1.077765
1,20200423  19:04:00,1.07793,1.077765,1.077765,1.07784
1,20200423  19:05:00,1.077915,1.0778,1.07784,1.077895
1,20200423  19:06:00,1.077905,1.077725,1.077895,1.077815
1,20200423  19:07:00,1.07787,1.077755,1.077815,1.077785
1,20200423  19:08:00,1.077815,1.077765,1.077785,1.077795
1,20200423  19:09:00,1.077805,1.07757,1.077795,1.077635
1,20200423  19:10:00,1.077755,1.077635,1.077635,1.07773
1,20200423  19:11:00,1.077735,1.07765,1.07773,1.07765
1,20200423  19:12:00,1.077685,1.07761,1.07765,1.07761
1,20200423  19:13:00,1.077615,1.077495,1.07761,1.077575
1,20200423  19:14:00,1.077615,1.077465,1.077575,1.077465
1,20200423  19:15:00,1.077485,1.0773,1.077465,1.0773
1,20200423  19:16:00,1.077345,1.07698,1.0773,1.076985
1,20200423  19:17:00,1.07703,1.07677,1.076985,1.076825
1,20200423  19:18:00,1.07689,1.07667,1.076825,1.076805
1,20200423  19:19:00,1.077025,1.076775,1.076805,1.077025
1,20200423  19:20:00,1.077025,1.076775,1.077025,1.0768
1,20200423  19:21:00,1.07692,1.076765,1.0768,1.076905
1,20200423  19:22:00,1.07697,1.07687,1.076905,1.07693
1,20200423  19:23:00,1.076975,1.076905,1.07693,1.07694
1,20200423  19:24:00,1.076965,1.076575,1.07694,1.076575
1,20200423  19:25:00,1.07668,1.076565,1.076575,1.076575
1,20200423  19:26:00,1.076615,1.07647,1.076575,1.076515
1,20200423  19:27:00,1.07681,1.076515,1.076515,1.07681
1,20200423  19:28:00,1.07683,1.07671,1.07681,1.076765
1,20200423  19:29:00,1.07677,1.07663,1.076765,1.076695
1,20200423  19:30:00,1.076715,1.076485,1.076695,1.076485
1,20200423  19:31:00,1.07667,1.076475,1.076485,1.07667
1,20200423  19:32:00,1.076705,1.076555,1.07667,1.076635
1,20200423  19:33:00,1.0767,1.076585,1.076635,1.076645
1,20200423  19:34:00,1.07665,1.076475,1.076645,1.07648
1,20200423  19:35:00,1.076575,1.076475,1.07648,1.076565
1,20200423  19:36:00,1.076625,1.07654,1.076565,1.076595
1,20200423  19:37:00,1.076665,1.076545,1.076595,1.076595
1,20200423  19:38:00,1.076685,1.076585,1.076595,1.07664
1,20200423  19:39:00,1.07673,1.076635,1.07664,1.076725
1,20200423  19:40:00,1.076825,1.076725,1.076725,1.07681
1,20200423  19:41:00,1.076875,1.07678,1.07681,1.07682
1,20200423  19:42:00,1.076865,1.076795,1.07682,1.076795
1,20200423  19:43:00,1.076815,1.076775,1.076795,1.07681
1,20200423  19:44:00,1.076815,1.07681,1.07681,1.07681
1,20200423  19:45:00,1.076865,1.076685,1.07681,1.076705
1,20200423  19:46:00,1.07705,1.076705,1.076705,1.07704
1,20200423  19:47:00,1.077045,1.077005,1.07704,1.07703
1,20200423  19:48:00,1.077035,1.076675,1.07703,1.076675
1,20200423  19:49:00,1.07673,1.076675,1.076675,1.0767
1,20200423  19:50:00,1.07672,1.0765,1.0767,1.076505
1,20200423  19:51:00,1.076665,1.076435,1.076505,1.07644
1,20200423  19:52:00,1.076495,1.07636,1.07644,1.076375
1,20200423  19:53:00,1.076375,1.076155,1.076375,1.076215
1,20200423  19:54:00,1.076495,1.07614,1.076215,1.07647
1,20200423  19:55:00,1.076855,1.07647,1.07647,1.076815
1,20200423  19:56:00,1.07693,1.076785,1.076815,1.076815
1,20200423  19:57:00,1.076815,1.07654,1.076815,1.07659
1,20200423  19:58:00,1.07667,1.076465,1.07659,1.07659
1,20200423  19:59:00,1.07675,1.07659,1.07659,1.076645
1,20200423  20:00:00,1.076645,1.076555,1.076645,1.076585
1,20200423  20:01:00,1.076675,1.076585,1.076585,1.076675
1,20200423  20:02:00,1.076765,1.076675,1.076675,1.076725
1,20200423  20:03:00,1.07682,1.076715,1.076725,1.0768
1,20200423  20:04:00,1.076895,1.076725,1.0768,1.076895
1,20200423  20:05:00,1.0769,1.076815,1.076895,1.076865
1,20200423  20:06:00,1.076895,1.076825,1.076865,1.076895
1,20200423  20:07:00,1.076915,1.07672,1.076895,1.076745
1,20200423  20:08:00,1.076795,1.076675,1.076745,1.076705
1,20200423  20:09:00,1.076735,1.07667,1.076705,1.07671
1,20200423  20:10:00,1.07676,1.07671,1.07671,1.076725
1,20200423  20:11:00,1.07674,1.07665,1.076725,1.07665
1,20200423  20:12:00,1.076665,1.07656,1.07665,1.07656
1,20200423  20:13:00,1.076755,1.076505,1.07656,1.07674
1,20200423  20:14:00,1.076835,1.07673,1.07674,1.076805
1,20200423  20:15:00,1.07681,1.076655,1.076805,1.076675
1,20200423  20:16:00,1.07668,1.076555,1.076675,1.07659
1,20200423  20:17:00,1.07662,1.076555,1.07659,1.076585
1,20200423  20:18:00,1.076675,1.07654,1.076585,1.07654
1,20200423  20:19:00,1.07664,1.07654,1.07654,1.076615
1,20200423  20:20:00,1.07681,1.076605,1.076615,1.076795
1,20200423  20:21:00,1.076825,1.07673,1.076795,1.07673
1,20200423  20:22:00,1.076735,1.076675,1.07673,1.076685
1,20200423  20:23:00,1.076725,1.07663,1.076685,1.076685
1,20200423  20:24:00,1.076685,1.076555,1.076685,1.076575
1,20200423  20:25:00,1.07662,1.076575,1.076575,1.07658
1,20200423  20:26:00,1.076595,1.076535,1.07658,1.076585
1,20200423  20:27:00,1.07659,1.076535,1.076585,1.076585
1,20200423  20:28:00,1.07671,1.076585,1.076585,1.07671
1,20200423  20:29:00,1.076765,1.07666,1.07671,1.076675
1,20200423  20:30:00,1.07671,1.076635,1.076675,1.07668
1,20200423  20:31:00,1.07676,1.076655,1.07668,1.076655
1,20200423  20:32:00,1.076675,1.076445,1.076655,1.076445
1,20200423  20:33:00,1.07648,1.076355,1.076445,1.0764
1,20200423  20:34:00,1.0765,1.07633,1.0764,1.0765
1,20200423  20:35:00,1.0765,1.076455,1.0765,1.0765
1,20200423  20:36:00,1.07669,1.076495,1.0765,1.07669
1,20200423  20:37:00,1.07672,1.07666,1.07669,1.076715
1,20200423  20:38:00,1.07672,1.07665,1.076715,1.07665
1,20200423  20:39:00,1.076785,1.07665,1.07665,1.076755
1,20200423  20:40:00,1.07676,1.076605,1.076755,1.07663
1,20200423  20:41:00,1.076765,1.076625,1.07663,1.076765
1,20200423  20:42:00,1.076785,1.076675,1.076765,1.076775
1,20200423  20:43:00,1.076815,1.076725,1.076775,1.07681
1,20200423  20:44:00,1.07697,1.076805,1.07681,1.076955
1,20200423  20:45:00,1.07696,1.07669,1.076955,1.07669
1,20200423  20:46:00,1.076695,1.076655,1.07669,1.076665
1,20200423  20:47:00,1.0769,1.076655,1.076665,1.07685
1,20200423  20:48:00,1.076915,1.076775,1.07685,1.07684
1,20200423  20:49:00,1.076915,1.07683,1.07684,1.076885
1,20200423  20:50:00,1.076955,1.076785,1.076885,1.07679
1,20200423  20:51:00,1.07679,1.0767,1.07679,1.076725
1,20200423  20:52:00,1.0768,1.07667,1.076725,1.07673
1,20200423  20:53:00,1.07673,1.076695,1.07673,1.076715
1,20200423  20:54:00,1.07674,1.076645,1.076715,1.076685
1,20200423  20:55:00,1.07672,1.076615,1.076685,1.07671
1,20200423  20:56:00,1.07671,1.076625,1.07671,1.076625
1,20200423  20:57:00,1.076715,1.076605,1.076625,1.07662
1,20200423  20:58:00,1.076685,1.076615,1.07662,1.076685
1,20200423  20:59:00,1.0767,1.07663,1.076685,1.076665
1,20200423  21:00:00,1.07671,1.076615,1.076665,1.07667
1,20200423  21:01:00,1.07681,1.07667,1.07667,1.0768
1,20200423  21:02:00,1.0768,1.07668,1.0768,1.076705
1,20200423  21:03:00,1.07679,1.0767,1.076705,1.076745
1,20200423  21:04:00,1.07679,1.07672,1.076745,1.076765
1,20200423  21:05:00,1.07683,1.076735,1.076765,1.076795
1,20200423  21:06:00,1.07681,1.076745,1.076795,1.076805
1,20200423  21:07:00,1.076825,1.076785,1.076805,1.076795
1,20200423  21:08:00,1.076835,1.07676,1.076795,1.076835
1,20200423  21:09:00,1.076865,1.07681,1.076835,1.07681
1,20200423  21:10:00,1.076815,1.076655,1.07681,1.076695
1,20200423  21:11:00,1.076705,1.076665,1.076695,1.07667
1,20200423  21:12:00,1.07674,1.07667,1.07667,1.07674
1,20200423  21:13:00,1.076745,1.07672,1.07674,1.07672
1,20200423  21:14:00,1.076865,1.076695,1.07672,1.07685
1,20200423  21:15:00,1.076855,1.076805,1.07685,1.076815
1,20200423  21:16:00,1.076825,1.07675,1.076815,1.07677
1,20200423  21:17:00,1.0768,1.07674,1.07677,1.076795
1,20200423  21:18:00,1.07681,1.076765,1.076795,1.076795
1,20200423  21:19:00,1.076795,1.076765,1.076795,1.076765
1,20200423  21:20:00,1.076765,1.076725,1.076765,1.076755
1,20200423  21:21:00,1.076775,1.07673,1.076755,1.076765
1,20200423  21:22:00,1.07685,1.076745,1.076765,1.07676
1,20200423  21:23:00,1.076795,1.07676,1.07676,1.076795
1,20200423  21:24:00,1.076845,1.076795,1.076795,1.076845
1,20200423  21:25:00,1.07697,1.0768,1.076845,1.076955
1,20200423  21:26:00,1.077015,1.076945,1.076955,1.07698
1,20200423  21:27:00,1.07698,1.07695,1.07698,1.07696
1,20200423  21:28:00,1.07703,1.076945,1.07696,1.077025
1,20200423  21:29:00,1.077025,1.076965,1.077025,1.07697
1,20200423  21:30:00,1.07697,1.0769,1.07697,1.0769
1,20200423  21:31:00,1.076905,1.0769,1.0769,1.0769
1,20200423  21:32:00,1.076905,1.076795,1.0769,1.076855
1,20200423  21:33:00,1.076885,1.076815,1.076855,1.076815
1,20200423  21:34:00,1.076855,1.07681,1.076815,1.07681
1,20200423  21:35:00,1.076935,1.07677,1.07681,1.076875
1,20200423  21:36:00,1.076895,1.076855,1.076875,1.07689
1,20200423  21:37:00,1.076965,1.076885,1.07689,1.076915
1,20200423  21:38:00,1.076925,1.076895,1.076915,1.07691
1,20200423  21:39:00,1.07693,1.07682,1.07691,1.07682
1,20200423  21:40:00,1.076905,1.076805,1.07682,1.076855
1,20200423  21:41:00,1.077025,1.0768,1.076855,1.076945
1,20200423  21:42:00,1.077095,1.076925,1.076945,1.077095
1,20200423  21:43:00,1.077355,1.07707,1.077095,1.07733
1,20200423  21:44:00,1.07747,1.07733,1.07733,1.07746
1,20200423  21:45:00,1.077465,1.07737,1.07746,1.077435
1,20200423  21:46:00,1.077435,1.077275,1.077435,1.07731
1,20200423  21:47:00,1.07741,1.07731,1.07731,1.077385
1,20200423  21:48:00,1.077445,1.07738,1.077385,1.07738
1,20200423  21:49:00,1.077385,1.077275,1.07738,1.07735
1,20200423  21:50:00,1.077415,1.0773,1.07735,1.07738
1,20200423  21:51:00,1.077385,1.077285,1.07738,1.077285
1,20200423  21:52:00,1.07732,1.077265,1.077285,1.077285
1,20200423  21:53:00,1.07729,1.07724,1.077285,1.07725
1,20200423  21:54:00,1.07726,1.07723,1.07725,1.07723
1,20200423  21:55:00,1.077275,1.07712,1.07723,1.077255
1,20200423  21:56:00,1.07726,1.077205,1.077255,1.077245
1,20200423  21:57:00,1.077245,1.077205,1.077245,1.07721
1,20200423  21:58:00,1.077235,1.077145,1.07721,1.077155
1,20200423  21:59:00,1.077215,1.077115,1.077155,1.077145
1,20200423  22:00:00,1.077145,1.07695,1.077145,1.07695
1,20200423  22:01:00,1.076995,1.07685,1.07695,1.076855
1,20200423  22:02:00,1.076905,1.07685,1.076855,1.076875
1,20200423  22:03:00,1.07688,1.0767,1.076875,1.0767
1,20200423  22:04:00,1.07676,1.0767,1.0767,1.07676
1,20200423  22:05:00,1.076785,1.07676,1.07676,1.076765
1,20200423  22:06:00,1.076875,1.076765,1.076765,1.07685
1,20200423  22:07:00,1.07696,1.07685,1.07685,1.07694
1,20200423  22:08:00,1.07696,1.07691,1.07694,1.076935
1,20200423  22:09:00,1.076945,1.076805,1.076935,1.076905
1,20200423  22:10:00,1.07694,1.076865,1.076905,1.076905
1,20200423  22:11:00,1.076965,1.076905,1.076905,1.07694
1,20200423  22:12:00,1.076975,1.07694,1.07694,1.07694
1,20200423  22:13:00,1.076945,1.076905,1.07694,1.076905
1,20200423  22:14:00,1.07693,1.076905,1.076905,1.076925
1,20200423  22:15:00,1.07698,1.076925,1.076925,1.076945
1,20200423  22:16:00,1.076945,1.07688,1.076945,1.07691
1,20200423  22:17:00,1.076915,1.07688,1.07691,1.076915
1,20200423  22:18:00,1.07692,1.076905,1.076915,1.076905
1,20200423  22:19:00,1.076935,1.076905,1.076905,1.07691
1,20200423  22:20:00,1.076975,1.076875,1.07691,1.07689
1,20200423  22:21:00,1.076915,1.076875,1.07689,1.07691
1,20200423  22:22:00,1.07694,1.07688,1.07691,1.07694
1,20200423  22:23:00,1.076965,1.07694,1.07694,1.07696
1,20200423  22:24:00,1.07697,1.076955,1.07696,1.07697
1,20200423  22:25:00,1.077015,1.076965,1.07697,1.07698
1,20200423  22:26:00,1.076985,1.076925,1.07698,1.076935
1,20200423  22:27:00,1.076935,1.076875,1.076935,1.076915
1,20200423  22:28:00,1.076915,1.076875,1.076915,1.0769
1,20200423  22:29:00,1.07691,1.07686,1.0769,1.076865
1,20200423  22:30:00,1.07687,1.07681,1.076865,1.07681
1,20200423  22:31:00,1.076825,1.076795,1.07681,1.076795
1,20200423  22:32:00,1.07683,1.076795,1.076795,1.076825
1,20200423  22:33:00,1.076855,1.0768,1.076825,1.0768
1,20200423  22:34:00,1.07682,1.07667,1.0768,1.076715
1,20200423  22:35:00,1.07673,1.076705,1.076715,1.076705
1,20200423  22:36:00,1.076795,1.076705,1.076705,1.07678
1,20200423  22:37:00,1.07681,1.07677,1.07678,1.0768
1,20200423  22:38:00,1.076875,1.0768,1.0768,1.07686
1,20200423  22:39:00,1.076905,1.07685,1.07686,1.076905
1,20200423  22:40:00,1.076915,1.07685,1.076905,1.07685
1,20200423  22:41:00,1.07685,1.07676,1.07685,1.076765
1,20200423  22:42:00,1.07684,1.076765,1.076765,1.076805
1,20200423  22:43:00,1.07683,1.076745,1.076805,1.07679
1,20200423  22:44:00,1.07681,1.076765,1.07679,1.076765
1,20200423  22:45:00,1.07681,1.07676,1.076765,1.076785
1,20200423  22:46:00,1.076805,1.076785,1.076785,1.0768
1,20200423  22:47:00,1.07682,1.076795,1.0768,1.076815
1,20200423  22:48:00,1.07687,1.076805,1.076815,1.07687
1,20200423  22:49:00,1.076915,1.07686,1.07687,1.076915
1,20200423  22:50:00,1.07692,1.076885,1.076915,1.07692
1,20200423  22:51:00,1.07694,1.07692,1.07692,1.076925
1,20200423  22:52:00,1.07693,1.076915,1.076925,1.07692
1,20200423  22:53:00,1.076995,1.07692,1.07692,1.076995
1,20200423  22:54:00,1.07707,1.076975,1.076995,1.07703
1,20200423  22:55:00,1.077085,1.077025,1.07703,1.077065
1,20200423  22:56:00,1.07712,1.077065,1.077065,1.07708
1,20200423  22:57:00,1.07715,1.07708,1.07708,1.07712
1,20200423  22:58:00,1.077125,1.07711,1.07712,1.077125
1,20200423  22:59:00,1.077165,1.07712,1.077125,1.077125
1,20200423  23:00:00,1.0772,1.07711,1.077125,1.077165
1,20200423  23:01:00,1.07717,1.077105,1.077165,1.077165
1,20200423  23:02:00,1.07717,1.07709,1.077165,1.07712
1,20200423  23:03:00,1.077175,1.077115,1.07712,1.077125
1,20200423  23:04:00,1.077235,1.077125,1.077125,1.077175
1,20200423  23:05:00,1.077195,1.07711,1.077175,1.077115
1,20200423  23:06:00,1.077205,1.07711,1.077115,1.077205
1,20200423  23:07:00,1.077325,1.077205,1.077205,1.077315
1,20200423  23:08:00,1.077395,1.077315,1.077315,1.077395
1,20200423  23:09:00,1.07741,1.07732,1.077395,1.07733
1,20200423  23:10:00,1.07734,1.0772,1.07733,1.077225
1,20200423  23:11:00,1.07734,1.077225,1.077225,1.07733
1,20200423  23:12:00,1.077405,1.07732,1.07733,1.077395
1,20200423  23:13:00,1.077405,1.07736,1.077395,1.077405
1,20200423  23:14:00,1.077415,1.07738,1.077405,1.07741
1,20200423  23:15:00,1.07741,1.07737,1.07741,1.077375
1,20200423  23:16:00,1.07738,1.077335,1.077375,1.07734
1,20200423  23:17:00,1.07735,1.07728,1.07734,1.07728
1,20200423  23:18:00,1.077285,1.07724,1.07728,1.077265
1,20200423  23:19:00,1.07729,1.077235,1.077265,1.077245
1,20200423  23:20:00,1.07732,1.07723,1.077245,1.077305
1,20200423  23:21:00,1.07731,1.077285,1.077305,1.07729
1,20200423  23:22:00,1.07729,1.077205,1.07729,1.077205
1,20200423  23:23:00,1.077225,1.07717,1.077205,1.0772
1,20200423  23:24:00,1.0772,1.077135,1.0772,1.077135
1,20200423  23:25:00,1.077195,1.07712,1.077135,1.077165
1,20200423  23:26:00,1.077225,1.077165,1.077165,1.077205
1,20200423  23:27:00,1.07725,1.077185,1.077205,1.077245
1,20200423  23:28:00,1.077275,1.07724,1.077245,1.07724
1,20200423  23:29:00,1.07725,1.077235,1.07724,1.07725
1,20200423  23:30:00,1.07725,1.077175,1.07725,1.077195
1,20200423  23:31:00,1.077195,1.07714,1.077195,1.07717
1,20200423  23:32:00,1.077175,1.07714,1.07717,1.077145
1,20200423  23:33:00,1.077145,1.077055,1.077145,1.077065
1,20200423  23:34:00,1.077105,1.077055,1.077065,1.07708
1,20200423  23:35:00,1.077115,1.07707,1.07708,1.077075
1,20200423  23:36:00,1.07708,1.07707,1.077075,1.07707
1,20200423  23:37:00,1.07707,1.077005,1.07707,1.07701
1,20200423  23:38:00,1.07702,1.077005,1.07701,1.07701
1,20200423  23:39:00,1.07702,1.07701,1.07701,1.07702
1,20200423  23:40:00,1.077025,1.076945,1.07702,1.076955
1,20200423  23:41:00,1.077025,1.0769,1.076955,1.077025
1,20200423  23:42:00,1.077105,1.07702,1.077025,1.077045
1,20200423  23:43:00,1.07706,1.076965,1.077045,1.076975
1,20200423  23:44:00,1.077025,1.07694,1.076975,1.077
1,20200423  23:45:00,1.077,1.07694,1.077,1.07696
1,20200423  23:46:00,1.077005,1.076955,1.07696,1.076995
1,20200423  23:47:00,1.077,1.076975,1.076995,1.076985
1,20200423  23:48:00,1.077,1.076975,1.076985,1.076985
1,20200423  23:49:00,1.077005,1.076985,1.076985,1.077
1,20200423  23:50:00,1.077015,1.076995,1.077,1.077
1,20200423  23:51:00,1.077,1.076995,1.077,1.077
1,20200423  23:52:00,1.077055,1.076975,1.077,1.07698
1,20200423  23:53:00,1.076985,1.07697,1.07698,1.076985
1,20200423  23:54:00,1.077005,1.07698,1.076985,1.07698
1,20200423  23:55:00,1.076985,1.076895,1.07698,1.076925
1,20200423  23:56:00,1.07703,1.076925,1.076925,1.07703
1,20200423  23:57:00,1.07714,1.076985,1.07703,1.07714
1,20200423  23:58:00,1.077205,1.077115,1.07714,1.07715
1,20200423  23:59:00,1.07721,1.07715,1.07715,1.07716
1,20200424  00:00:00,1.07716,1.077075,1.07716,1.077115
1,20200424  00:01:00,1.07712,1.07705,1.077115,1.07705
1,20200424  00:02:00,1.07714,1.07697,1.07705,1.077
1,20200424  00:03:00,1.077005,1.076935,1.077,1.076995
1,20200424  00:04:00,1.07701,1.07699,1.076995,1.077
1,20200424  00:05:00,1.07701,1.07693,1.077,1.076955
1,20200424  00:06:00,1.076955,1.076935,1.076955,1.076945
1,20200424  00:07:00,1.07698,1.07677,1.076945,1.076785
1,20200424  00:08:00,1.0768,1.076565,1.076785,1.076575
1,20200424  00:09:00,1.076585,1.076515,1.076575,1.076565
1,20200424  00:10:00,1.0767,1.07655,1.076565,1.07665
1,20200424  00:11:00,1.076705,1.076605,1.07665,1.07665
1,20200424  00:12:00,1.07667,1.07655,1.07665,1.076615
1,20200424  00:13:00,1.0767,1.076605,1.076615,1.07664
1,20200424  00:14:00,1.076705,1.076625,1.07664,1.0767
1,20200424  00:15:00,1.076795,1.07668,1.0767,1.076795
1,20200424  00:16:00,1.076855,1.076765,1.076795,1.07678
1,20200424  00:17:00,1.076845,1.07678,1.07678,1.076785
1,20200424  00:18:00,1.076825,1.076775,1.076785,1.07679
1,20200424  00:19:00,1.07683,1.07677,1.07679,1.07677
1,20200424  00:20:00,1.076785,1.076705,1.07677,1.07672
1,20200424  00:21:00,1.07672,1.07665,1.07672,1.07665
1,20200424  00:22:00,1.076835,1.07654,1.07665,1.07682
1,20200424  00:23:00,1.076885,1.076815,1.07682,1.07685
1,20200424  00:24:00,1.076885,1.076835,1.07685,1.07685
1,20200424  00:25:00,1.07698,1.07685,1.07685,1.076945
1,20200424  00:26:00,1.076945,1.07685,1.076945,1.076875
1,20200424  00:27:00,1.076935,1.076875,1.076875,1.07691
1,20200424  00:28:00,1.07698,1.07691,1.07691,1.076955
1,20200424  00:29:00,1.07703,1.076955,1.076955,1.077
1,20200424  00:30:00,1.077,1.07694,1.077,1.07697
1,20200424  00:31:00,1.07697,1.076805,1.07697,1.076885
1,20200424  00:32:00,1.076945,1.07685,1.076885,1.076865
1,20200424  00:33:00,1.076875,1.07684,1.076865,1.07687
1,20200424  00:34:00,1.07687,1.076765,1.07687,1.076815
1,20200424  00:35:00,1.076925,1.076815,1.076815,1.076895
1,20200424  00:36:00,1.076935,1.07685,1.076895,1.076865
1,20200424  00:37:00,1.076865,1.076765,1.076865,1.0768
1,20200424  00:38:00,1.076875,1.0768,1.0768,1.07683
1,20200424  00:39:00,1.07683,1.076745,1.07683,1.076745
1,20200424  00:40:00,1.0768,1.076725,1.076745,1.076775
1,20200424  00:41:00,1.076775,1.076725,1.076775,1.076765
1,20200424  00:42:00,1.076785,1.076755,1.076765,1.07676
1,20200424  00:43:00,1.07676,1.07659,1.07676,1.076705
1,20200424  00:44:00,1.07674,1.076665,1.076705,1.07668
1,20200424  00:45:00,1.07668,1.076625,1.07668,1.07664
1,20200424  00:46:00,1.076645,1.07656,1.07664,1.07662
1,20200424  00:47:00,1.07663,1.076495,1.07662,1.076495
1,20200424  00:48:00,1.0765,1.07637,1.076495,1.07638
1,20200424  00:49:00,1.07638,1.076175,1.07638,1.076175
1,20200424  00:50:00,1.076275,1.076135,1.076175,1.076235
1,20200424  00:51:00,1.076275,1.07619,1.076235,1.07621
1,20200424  00:52:00,1.07622,1.076065,1.07621,1.076215
1,20200424  00:53:00,1.076475,1.07621,1.076215,1.07641
1,20200424  00:54:00,1.07646,1.07641,1.07641,1.07646
1,20200424  00:55:00,1.07646,1.076375,1.07646,1.07642
1,20200424  00:56:00,1.07645,1.076385,1.07642,1.07642
1,20200424  00:57:00,1.07642,1.07624,1.07642,1.07626
1,20200424  00:58:00,1.076315,1.076205,1.07626,1.07624
1,20200424  00:59:00,1.07633,1.07624,1.07624,1.07633
1,20200424  01:00:00,1.07636,1.07608,1.07633,1.07615
1,20200424  01:01:00,1.076415,1.07615,1.07615,1.076325
1,20200424  01:02:00,1.076325,1.07603,1.076325,1.076035
1,20200424  01:03:00,1.076335,1.076025,1.076035,1.076295
1,20200424  01:04:00,1.076535,1.076235,1.076295,1.076435
1,20200424  01:05:00,1.07645,1.076385,1.076435,1.076385
1,20200424  01:06:00,1.076445,1.076345,1.076385,1.07641
1,20200424  01:07:00,1.07641,1.076185,1.07641,1.076225
1,20200424  01:08:00,1.076405,1.076135,1.076225,1.076155
1,20200424  01:09:00,1.076175,1.076035,1.076155,1.07606
1,20200424  01:10:00,1.07606,1.07533,1.07606,1.075375
1,20200424  01:11:00,1.07553,1.075335,1.075375,1.075415
1,20200424  01:12:00,1.075475,1.075355,1.075415,1.075355
1,20200424  01:13:00,1.075445,1.075345,1.075355,1.075395
1,20200424  01:14:00,1.0756,1.07538,1.075395,1.075555
1,20200424  01:15:00,1.07594,1.075555,1.075555,1.07573
1,20200424  01:16:00,1.075795,1.075625,1.07573,1.07571
1,20200424  01:17:00,1.076015,1.075515,1.07571,1.076015
1,20200424  01:18:00,1.07611,1.075925,1.076015,1.075975
1,20200424  01:19:00,1.07603,1.075785,1.075975,1.075795
1,20200424  01:20:00,1.075975,1.075795,1.075795,1.075935
1,20200424  01:21:00,1.076105,1.07588,1.075935,1.076095
1,20200424  01:22:00,1.076145,1.07598,1.076095,1.076135
1,20200424  01:23:00,1.076135,1.075915,1.076135,1.075935
1,20200424  01:24:00,1.07606,1.075925,1.075935,1.075945
1,20200424  01:25:00,1.07608,1.075915,1.075945,1.075915
1,20200424  01:26:00,1.07601,1.075915,1.075915,1.07594
1,20200424  01:27:00,1.07606,1.07566,1.07594,1.07566
1,20200424  01:28:00,1.07594,1.075635,1.07566,1.075935
1,20200424  01:29:00,1.0761,1.075795,1.075935,1.0761
1,20200424  01:30:00,1.076195,1.07607,1.0761,1.07614
1,20200424  01:31:00,1.076255,1.076135,1.07614,1.076255
1,20200424  01:32:00,1.076465,1.07624,1.076255,1.07642
1,20200424  01:33:00,1.076425,1.07614,1.07642,1.07626
1,20200424  01:34:00,1.07642,1.076255,1.07626,1.076395
1,20200424  01:35:00,1.07655,1.076385,1.076395,1.0765
1,20200424  01:36:00,1.076645,1.076425,1.0765,1.076425
1,20200424  01:37:00,1.076425,1.07623,1.076425,1.076375
1,20200424  01:38:00,1.076455,1.076365,1.076375,1.07644
1,20200424  01:39:00,1.07644,1.076365,1.07644,1.07641
1,20200424  01:40:00,1.07641,1.076215,1.07641,1.076225
1,20200424  01:41:00,1.076265,1.076015,1.076225,1.07607
1,20200424  01:42:00,1.076075,1.075745,1.07607,1.075765
1,20200424  01:43:00,1.075815,1.075705,1.075765,1.075705
1,20200424  01:44:00,1.07584,1.07568,1.075705,1.075825
1,20200424  01:45:00,1.076005,1.075805,1.075825,1.075975
1,20200424  01:46:00,1.075975,1.075695,1.075975,1.075695
1,20200424  01:47:00,1.075935,1.07569,1.075695,1.075935
1,20200424  01:48:00,1.076315,1.075895,1.075935,1.076315
1,20200424  01:49:00,1.076365,1.076195,1.076315,1.076325
1,20200424  01:50:00,1.076325,1.07588,1.076325,1.075895
1,20200424  01:51:00,1.075945,1.07565,1.075895,1.07568
1,20200424  01:52:00,1.075685,1.07527,1.07568,1.075325
1,20200424  01:53:00,1.075385,1.07514,1.075325,1.075155
1,20200424  01:54:00,1.07536,1.07513,1.075155,1.07518
1,20200424  01:55:00,1.07526,1.07515,1.07518,1.07515
1,20200424  01:56:00,1.075185,1.07463,1.07515,1.074685
1,20200424  01:57:00,1.07477,1.07434,1.074685,1.07435
1,20200424  01:58:00,1.07454,1.07425,1.07435,1.074395
1,20200424  01:59:00,1.074455,1.073765,1.074395,1.07383
1,20200424  02:00:00,1.073885,1.07376,1.07383,1.073855
1,20200424  02:01:00,1.074675,1.073835,1.073855,1.074605
1,20200424  02:02:00,1.07461,1.074065,1.074605,1.074275
1,20200424  02:03:00,1.0746,1.074275,1.074275,1.07441
1,20200424  02:04:00,1.07451,1.07427,1.07441,1.0744
1,20200424  02:05:00,1.074835,1.074335,1.0744,1.074815
1,20200424  02:06:00,1.074875,1.074305,1.074815,1.074325
1,20200424  02:07:00,1.074415,1.07418,1.074325,1.074225
1,20200424  02:08:00,1.074225,1.0736,1.074225,1.0736
1,20200424  02:09:00,1.073645,1.073185,1.0736,1.073205
1,20200424  02:10:00,1.073255,1.072865,1.073205,1.073055
1,20200424  02:11:00,1.073135,1.072855,1.073055,1.0729
1,20200424  02:12:00,1.073065,1.072725,1.0729,1.07304
1,20200424  02:13:00,1.07323,1.072925,1.07304,1.07312
1,20200424  02:14:00,1.07312,1.072815,1.07312,1.072855
1,20200424  02:15:00,1.07293,1.07272,1.072855,1.072785
1,20200424  02:16:00,1.07301,1.07275,1.072785,1.07301
1,20200424  02:17:00,1.073415,1.07298,1.07301,1.07334
1,20200424  02:18:00,1.0736,1.07325,1.07334,1.073595
1,20200424  02:19:00,1.07369,1.073295,1.073595,1.07348
1,20200424  02:20:00,1.0736,1.073405,1.07348,1.073575
1,20200424  02:21:00,1.073795,1.073575,1.073575,1.073795
1,20200424  02:22:00,1.07385,1.0736,1.073795,1.07361
1,20200424  02:23:00,1.074085,1.073535,1.07361,1.074045
1,20200424  02:24:00,1.07405,1.073665,1.074045,1.07369
1,20200424  02:25:00,1.07369,1.073365,1.07369,1.073385
1,20200424  02:26:00,1.073685,1.073285,1.073385,1.073675
1,20200424  02:27:00,1.07384,1.07356,1.073675,1.073765
1,20200424  02:28:00,1.073765,1.0734,1.073765,1.07343
1,20200424  02:29:00,1.07346,1.073285,1.07343,1.073375
1,20200424  02:30:00,1.073645,1.073375,1.073375,1.073645
1,20200424  02:31:00,1.073855,1.073645,1.073645,1.073765
1,20200424  02:32:00,1.07408,1.073675,1.073765,1.07408
1,20200424  02:33:00,1.07427,1.074005,1.07408,1.07422
1,20200424  02:34:00,1.074485,1.074175,1.07422,1.074485
1,20200424  02:35:00,1.074565,1.07427,1.074485,1.074285
1,20200424  02:36:00,1.07461,1.074285,1.074285,1.07445
1,20200424  02:37:00,1.07448,1.074045,1.07445,1.074195
1,20200424  02:38:00,1.074205,1.073935,1.074195,1.07405
1,20200424  02:39:00,1.074495,1.073985,1.07405,1.074385
1,20200424  02:40:00,1.074555,1.07424,1.074385,1.074255
1,20200424  02:41:00,1.074435,1.07418,1.074255,1.074365
1,20200424  02:42:00,1.074435,1.074255,1.074365,1.074385
1,20200424  02:43:00,1.07457,1.07433,1.074385,1.07448
1,20200424  02:44:00,1.07457,1.07439,1.07448,1.074545
1,20200424  02:45:00,1.07468,1.074515,1.074545,1.074625
1,20200424  02:46:00,1.07463,1.074495,1.074625,1.074515
1,20200424  02:47:00,1.07464,1.074455,1.074515,1.074605
1,20200424  02:48:00,1.074835,1.074585,1.074605,1.074835
1,20200424  02:49:00,1.074835,1.074635,1.074835,1.074655
1,20200424  02:50:00,1.07483,1.074585,1.074655,1.074735
1,20200424  02:51:00,1.075145,1.074715,1.074735,1.0748
1,20200424  02:52:00,1.074815,1.07455,1.0748,1.074685
1,20200424  02:53:00,1.074845,1.074565,1.074685,1.074595
1,20200424  02:54:00,1.074675,1.07451,1.074595,1.07464
1,20200424  02:55:00,1.07494,1.074535,1.07464,1.07457
1,20200424  02:56:00,1.07457,1.07431,1.07457,1.074375
1,20200424  02:57:00,1.074375,1.074105,1.074375,1.074165
1,20200424  02:58:00,1.07422,1.07411,1.074165,1.07411
1,20200424  02:59:00,1.07415,1.07387,1.07411,1.074105
1,20200424  03:00:00,1.074165,1.073465,1.074105,1.073565
1,20200424  03:01:00,1.073625,1.073305,1.073565,1.07361
1,20200424  03:02:00,1.073835,1.07351,1.07361,1.073655
1,20200424  03:03:00,1.073745,1.073435,1.073655,1.073575
1,20200424  03:04:00,1.073805,1.07356,1.073575,1.07369
1,20200424  03:05:00,1.07383,1.073625,1.07369,1.07377
1,20200424  03:06:00,1.073925,1.07377,1.07377,1.07389
1,20200424  03:07:00,1.074035,1.073765,1.07389,1.073825
1,20200424  03:08:00,1.07386,1.07351,1.073825,1.07364
1,20200424  03:09:00,1.074045,1.07364,1.07364,1.074045
1,20200424  03:10:00,1.074515,1.074045,1.074045,1.074515
1,20200424  03:11:00,1.07463,1.074355,1.074515,1.074605
1,20200424  03:12:00,1.074685,1.074455,1.074605,1.074645
1,20200424  03:13:00,1.074715,1.074535,1.074645,1.074675
1,20200424  03:14:00,1.074905,1.074585,1.074675,1.074905
1,20200424  03:15:00,1.074955,1.074745,1.074905,1.074795
1,20200424  03:16:00,1.074855,1.074515,1.074795,1.074855
1,20200424  03:17:00,1.07536,1.074855,1.074855,1.075315
1,20200424  03:18:00,1.075345,1.074875,1.075315,1.07489
1,20200424  03:19:00,1.07504,1.074715,1.07489,1.07472
1,20200424  03:20:00,1.074855,1.07461,1.07472,1.07484
1,20200424  03:21:00,1.074855,1.074655,1.07484,1.074715
1,20200424  03:22:00,1.074735,1.074475,1.074715,1.074485
1,20200424  03:23:00,1.0748,1.074365,1.074485,1.0748
1,20200424  03:24:00,1.074805,1.074455,1.0748,1.0745
1,20200424  03:25:00,1.074835,1.074485,1.0745,1.07479
1,20200424  03:26:00,1.07498,1.07474,1.07479,1.074915
1,20200424  03:27:00,1.074925,1.074785,1.074915,1.07483
1,20200424  03:28:00,1.074865,1.07476,1.07483,1.074845
1,20200424  03:29:00,1.075105,1.074815,1.074845,1.075
1,20200424  03:30:00,1.07509,1.074835,1.075,1.074915
1,20200424  03:31:00,1.0751,1.0749,1.074915,1.07504
1,20200424  03:32:00,1.07521,1.075005,1.07504,1.075195
1,20200424  03:33:00,1.075195,1.07501,1.075195,1.07515
1,20200424  03:34:00,1.07544,1.075145,1.07515,1.075415
1,20200424  03:35:00,1.075695,1.075405,1.075415,1.07563
1,20200424  03:36:00,1.075685,1.07516,1.07563,1.075205
1,20200424  03:37:00,1.07527,1.075165,1.075205,1.075255
1,20200424  03:38:00,1.07528,1.075085,1.075255,1.07519
1,20200424  03:39:00,1.075425,1.075175,1.07519,1.07532
1,20200424  03:40:00,1.075425,1.075095,1.07532,1.075115
1,20200424  03:41:00,1.07532,1.074825,1.075115,1.07521
1,20200424  03:42:00,1.07524,1.075045,1.07521,1.075125
1,20200424  03:43:00,1.07536,1.075125,1.075125,1.075255
1,20200424  03:44:00,1.075535,1.075255,1.075255,1.075445
1,20200424  03:45:00,1.075535,1.075305,1.075445,1.075505
1,20200424  03:46:00,1.075525,1.075255,1.075505,1.075265
1,20200424  03:47:00,1.07545,1.07521,1.075265,1.075395
1,20200424  03:48:00,1.075585,1.075285,1.075395,1.07546
1,20200424  03:49:00,1.075665,1.075265,1.07546,1.07528
1,20200424  03:50:00,1.07557,1.075275,1.07528,1.07551
1,20200424  03:51:00,1.07553,1.075385,1.07551,1.075475
1,20200424  03:52:00,1.075585,1.075445,1.075475,1.075535
1,20200424  03:53:00,1.075775,1.07553,1.075535,1.075685
1,20200424  03:54:00,1.07572,1.0755,1.075685,1.07572
1,20200424  03:55:00,1.07572,1.075445,1.07572,1.07548
1,20200424  03:56:00,1.075765,1.075475,1.07548,1.075755
1,20200424  03:57:00,1.07589,1.075685,1.075755,1.07572
1,20200424  03:58:00,1.075925,1.07569,1.07572,1.075705
1,20200424  03:59:00,1.075785,1.075585,1.075705,1.0756
1,20200424  04:00:00,1.07563,1.075355,1.0756,1.075355
1,20200424  04:01:00,1.075375,1.07507,1.075355,1.075335
1,20200424  04:02:00,1.075395,1.075125,1.075335,1.075335
1,20200424  04:03:00,1.075445,1.075235,1.075335,1.075325
1,20200424  04:04:00,1.07534,1.075175,1.075325,1.075175
1,20200424  04:05:00,1.075175,1.074965,1.075175,1.07501
1,20200424  04:06:00,1.075355,1.075,1.07501,1.07533
1,20200424  04:07:00,1.07539,1.07519,1.07533,1.075255
1,20200424  04:08:00,1.075385,1.07525,1.075255,1.07533
1,20200424  04:09:00,1.075525,1.075325,1.07533,1.07544
1,20200424  04:10:00,1.07549,1.07538,1.07544,1.075455
1,20200424  04:11:00,1.07578,1.075425,1.075455,1.07574
1,20200424  04:12:00,1.07574,1.07553,1.07574,1.075555
1,20200424  04:13:00,1.075555,1.075405,1.075555,1.075495
1,20200424  04:14:00,1.0755,1.07536,1.075495,1.075455
1,20200424  04:15:00,1.075695,1.075385,1.075455,1.075645
1,20200424  04:16:00,1.075865,1.075575,1.075645,1.075795
1,20200424  04:17:00,1.076095,1.075785,1.075795,1.076005
1,20200424  04:18:00,1.07633,1.075975,1.076005,1.07633
1,20200424  04:19:00,1.076355,1.07627,1.07633,1.07627
1,20200424  04:20:00,1.07633,1.076185,1.07627,1.0763
1,20200424  04:21:00,1.076325,1.076175,1.0763,1.07618
1,20200424  04:22:00,1.076325,1.076165,1.07618,1.076205
1,20200424  04:23:00,1.076285,1.076175,1.076205,1.076175
1,20200424  04:24:00,1.076225,1.076015,1.076175,1.076015
1,20200424  04:25:00,1.076295,1.076005,1.076015,1.07629
1,20200424  04:26:00,1.076325,1.076205,1.07629,1.076205
1,20200424  04:27:00,1.076295,1.076075,1.076205,1.076085
1,20200424  04:28:00,1.076345,1.076045,1.076085,1.076125
1,20200424  04:29:00,1.076175,1.076075,1.076125,1.076135
1,20200424  04:30:00,1.07618,1.076085,1.076135,1.07618
1,20200424  04:31:00,1.076285,1.076105,1.07618,1.076235
1,20200424  04:32:00,1.076625,1.076215,1.076235,1.076435
1,20200424  04:33:00,1.076645,1.076345,1.076435,1.076635
1,20200424  04:34:00,1.07668,1.076265,1.076635,1.076265
1,20200424  04:35:00,1.076275,1.076075,1.076265,1.076225
1,20200424  04:36:00,1.076375,1.076225,1.076225,1.07632
1,20200424  04:37:00,1.076635,1.076295,1.07632,1.076565
1,20200424  04:38:00,1.076645,1.076525,1.076565,1.076635
1,20200424  04:39:00,1.076635,1.076475,1.076635,1.076625
1,20200424  04:40:00,1.07667,1.076485,1.076625,1.07664
1,20200424  04:41:00,1.07667,1.076545,1.07664,1.07665
1,20200424  04:42:00,1.07668,1.076575,1.07665,1.07668
1,20200424  04:43:00,1.07668,1.076485,1.07668,1.076505
1,20200424  04:44:00,1.07664,1.076475,1.076505,1.076485
1,20200424  04:45:00,1.076515,1.076415,1.076485,1.076505
1,20200424  04:46:00,1.07651,1.07641,1.076505,1.07648
1,20200424  04:47:00,1.07653,1.076325,1.07648,1.076415
1,20200424  04:48:00,1.076415,1.076235,1.076415,1.076325
1,20200424  04:49:00,1.07633,1.076135,1.076325,1.07615
1,20200424  04:50:00,1.07624,1.07615,1.07615,1.076165
1,20200424  04:51:00,1.076225,1.07606,1.076165,1.076225
1,20200424  04:52:00,1.07623,1.07609,1.076225,1.07613
1,20200424  04:53:00,1.076215,1.076085,1.07613,1.076145
1,20200424  04:54:00,1.07632,1.076135,1.076145,1.076265
1,20200424  04:55:00,1.076425,1.07624,1.076265,1.076405
1,20200424  04:56:00,1.07655,1.076385,1.076405,1.076475
1,20200424  04:57:00,1.076585,1.076365,1.076475,1.076575
1,20200424  04:58:00,1.076825,1.076575,1.076575,1.07664
1,20200424  04:59:00,1.07664,1.076525,1.07664,1.07655
1,20200424  05:00:00,1.076585,1.076495,1.07655,1.07652
1,20200424  05:01:00,1.076575,1.076465,1.07652,1.07654
1,20200424  05:02:00,1.07674,1.076535,1.07654,1.076715
1,20200424  05:03:00,1.076715,1.076525,1.076715,1.076545
1,20200424  05:04:00,1.07665,1.076485,1.076545,1.076485
1,20200424  05:05:00,1.0765,1.076225,1.076485,1.076295
1,20200424  05:06:00,1.076395,1.076225,1.076295,1.07636
1,20200424  05:07:00,1.07646,1.07636,1.07636,1.07641
1,20200424  05:08:00,1.076415,1.076295,1.07641,1.076295
1,20200424  05:09:00,1.07632,1.0762,1.076295,1.076235
1,20200424  05:10:00,1.076305,1.076205,1.076235,1.076295
1,20200424  05:11:00,1.076375,1.076295,1.076295,1.07632
1,20200424  05:12:00,1.076325,1.076215,1.07632,1.07628
1,20200424  05:13:00,1.076395,1.076205,1.07628,1.076395
1,20200424  05:14:00,1.0765,1.07639,1.076395,1.07645
1,20200424  05:15:00,1.076535,1.07645,1.07645,1.076505
1,20200424  05:16:00,1.076505,1.076435,1.076505,1.076465
1,20200424  05:17:00,1.076765,1.076465,1.076465,1.076715
1,20200424  05:18:00,1.07677,1.076705,1.076715,1.076765
1,20200424  05:19:00,1.07685,1.076675,1.076765,1.07668
1,20200424  05:20:00,1.07668,1.076345,1.07668,1.076515
1,20200424  05:21:00,1.076605,1.076475,1.076515,1.076585
1,20200424  05:22:00,1.07668,1.076555,1.076585,1.076615
1,20200424  05:23:00,1.076635,1.076555,1.076615,1.076585
1,20200424  05:24:00,1.076585,1.07633,1.076585,1.07656
1,20200424  05:25:00,1.076585,1.07642,1.07656,1.076435
1,20200424  05:26:00,1.07656,1.076355,1.076435,1.07651
1,20200424  05:27:00,1.07663,1.076505,1.07651,1.07661
1,20200424  05:28:00,1.076625,1.07653,1.07661,1.07653
1,20200424  05:29:00,1.076635,1.076485,1.07653,1.07662
1,20200424  05:30:00,1.076625,1.07651,1.07662,1.076525
1,20200424  05:31:00,1.07663,1.076505,1.076525,1.07658
1,20200424  05:32:00,1.076625,1.076515,1.07658,1.076535
1,20200424  05:33:00,1.07661,1.076515,1.076535,1.07661
1,20200424  05:34:00,1.076675,1.076505,1.07661,1.076505
1,20200424  05:35:00,1.076525,1.076365,1.076505,1.07642
1,20200424  05:36:00,1.076545,1.076415,1.07642,1.076545
1,20200424  05:37:00,1.076635,1.076535,1.076545,1.076625
1,20200424  05:38:00,1.076675,1.076575,1.076625,1.076635
1,20200424  05:39:00,1.07839,1.076635,1.076635,1.078215
1,20200424  05:40:00,1.07983,1.07806,1.078215,1.079155
1,20200424  05:41:00,1.079155,1.078595,1.079155,1.078855
1,20200424  05:42:00,1.07902,1.07852,1.078855,1.078635
1,20200424  05:43:00,1.079035,1.078505,1.078635,1.078505
1,20200424  05:44:00,1.079075,1.078505,1.078505,1.079075
1,20200424  05:45:00,1.079485,1.07872,1.079075,1.07881
1,20200424  05:46:00,1.07881,1.07857,1.07881,1.07866
1,20200424  05:47:00,1.07866,1.078345,1.07866,1.078405
1,20200424  05:48:00,1.078405,1.07817,1.078405,1.07819
1,20200424  05:49:00,1.078535,1.078165,1.07819,1.078405
1,20200424  05:50:00,1.07857,1.078155,1.078405,1.078495
1,20200424  05:51:00,1.07875,1.07843,1.078495,1.07859
1,20200424  05:52:00,1.07882,1.078535,1.07859,1.07854
1,20200424  05:53:00,1.078565,1.078305,1.07854,1.07835
1,20200424  05:54:00,1.078625,1.078345,1.07835,1.078455
1,20200424  05:55:00,1.078965,1.078435,1.078455,1.07867
1,20200424  05:56:00,1.0787,1.078345,1.07867,1.07835
1,20200424  05:57:00,1.078395,1.07793,1.07835,1.078045
1,20200424  05:58:00,1.078385,1.077995,1.078045,1.07838
1,20200424  05:59:00,1.07857,1.07826,1.07838,1.078525
1,20200424  06:00:00,1.07854,1.077745,1.078525,1.0779
1,20200424  06:01:00,1.07812,1.07786,1.0779,1.07795
1,20200424  06:02:00,1.07795,1.077715,1.07795,1.077815
1,20200424  06:03:00,1.078055,1.077815,1.077815,1.078035
1,20200424  06:04:00,1.078245,1.077935,1.078035,1.07824
1,20200424  06:05:00,1.07844,1.0781,1.07824,1.078195
1,20200424  06:06:00,1.078275,1.078095,1.078195,1.07812
1,20200424  06:07:00,1.078125,1.077915,1.07812,1.078005
1,20200424  06:08:00,1.078185,1.07799,1.078005,1.078165
1,20200424  06:09:00,1.078515,1.077995,1.078165,1.07846
1,20200424  06:10:00,1.078575,1.078165,1.07846,1.078535
1,20200424  06:11:00,1.078815,1.078485,1.078535,1.078745
1,20200424  06:12:00,1.07883,1.078635,1.078745,1.07883
1,20200424  06:13:00,1.07885,1.078695,1.07883,1.078785
1,20200424  06:14:00,1.079315,1.078785,1.078785,1.079305
1,20200424  06:15:00,1.07942,1.078985,1.079305,1.0792
1,20200424  06:16:00,1.079855,1.079135,1.0792,1.079785
1,20200424  06:17:00,1.080595,1.079735,1.079785,1.079935
1,20200424  06:18:00,1.08012,1.079655,1.079935,1.079735
1,20200424  06:19:00,1.080365,1.07973,1.079735,1.080185
1,20200424  06:20:00,1.080325,1.08006,1.080185,1.080235
1,20200424  06:21:00,1.080235,1.07955,1.080235,1.07955
1,20200424  06:22:00,1.079665,1.07939,1.07955,1.079395
1,20200424  06:23:00,1.07969,1.07939,1.079395,1.079465
1,20200424  06:24:00,1.0796,1.0794,1.079465,1.079445
1,20200424  06:25:00,1.079675,1.07936,1.079445,1.079645
1,20200424  06:26:00,1.079715,1.079485,1.079645,1.079525
1,20200424  06:27:00,1.07962,1.07933,1.079525,1.079405
1,20200424  06:28:00,1.07947,1.07935,1.079405,1.07939
1,20200424  06:29:00,1.0794,1.078945,1.07939,1.07898
1,20200424  06:30:00,1.079315,1.078975,1.07898,1.07899
1,20200424  06:31:00,1.07905,1.078945,1.07899,1.078995
1,20200424  06:32:00,1.078995,1.078815,1.078995,1.078875
1,20200424  06:33:00,1.078975,1.07874,1.078875,1.078865
1,20200424  06:34:00,1.07894,1.078585,1.078865,1.078585
1,20200424  06:35:00,1.07872,1.07855,1.078585,1.078655
1,20200424  06:36:00,1.078715,1.07857,1.078655,1.078645
1,20200424  06:37:00,1.078765,1.078555,1.078645,1.07876
1,20200424  06:38:00,1.07887,1.078685,1.07876,1.078805
1,20200424  06:39:00,1.07883,1.078555,1.078805,1.07867
1,20200424  06:40:00,1.07888,1.07867,1.07867,1.07888
1,20200424  06:41:00,1.07893,1.078795,1.07888,1.07887
1,20200424  06:42:00,1.078905,1.078615,1.07887,1.0787
1,20200424  06:43:00,1.07882,1.078655,1.0787,1.078655
1,20200424  06:44:00,1.078745,1.078615,1.078655,1.078735
1,20200424  06:45:00,1.078875,1.078735,1.078735,1.07884
1,20200424  06:46:00,1.07887,1.078685,1.07884,1.0787
1,20200424  06:47:00,1.07876,1.07861,1.0787,1.07868
1,20200424  06:48:00,1.078685,1.07845,1.07868,1.078465
1,20200424  06:49:00,1.07866,1.078455,1.078465,1.07858
1,20200424  06:50:00,1.07867,1.078485,1.07858,1.078625
1,20200424  06:51:00,1.078795,1.0786,1.078625,1.078785
1,20200424  06:52:00,1.07879,1.078585,1.078785,1.07866
1,20200424  06:53:00,1.078765,1.0786,1.07866,1.0787
1,20200424  06:54:00,1.078745,1.078565,1.0787,1.078595
1,20200424  06:55:00,1.07863,1.078565,1.078595,1.078595
1,20200424  06:56:00,1.079325,1.078585,1.078595,1.079315
1,20200424  06:57:00,1.0794,1.079065,1.079315,1.07917
1,20200424  06:58:00,1.079555,1.079155,1.07917,1.07947
1,20200424  06:59:00,1.07957,1.07933,1.07947,1.07933
1,20200424  07:00:00,1.079575,1.079225,1.07933,1.079395
1,20200424  07:01:00,1.079485,1.07918,1.079395,1.07921
1,20200424  07:02:00,1.079345,1.079045,1.07921,1.07909
1,20200424  07:03:00,1.07918,1.079045,1.07909,1.079085
1,20200424  07:04:00,1.07922,1.079085,1.079085,1.079205
1,20200424  07:05:00,1.079485,1.079205,1.079205,1.079235
1,20200424  07:06:00,1.07928,1.079145,1.079235,1.079215
1,20200424  07:07:00,1.07933,1.079165,1.079215,1.07931
1,20200424  07:08:00,1.07931,1.079085,1.07931,1.07919
1,20200424  07:09:00,1.079365,1.0791,1.07919,1.079235
1,20200424  07:10:00,1.079395,1.079155,1.079235,1.07923
1,20200424  07:11:00,1.079505,1.07922,1.07923,1.07944
1,20200424  07:12:00,1.079475,1.07916,1.07944,1.07923
1,20200424  07:13:00,1.079525,1.079205,1.07923,1.07948
1,20200424  07:14:00,1.079975,1.07948,1.07948,1.07995
1,20200424  07:15:00,1.080095,1.07963,1.07995,1.07963
1,20200424  07:16:00,1.07964,1.07954,1.07963,1.079595
1,20200424  07:17:00,1.079605,1.079515,1.079595,1.07958
1,20200424  07:18:00,1.08001,1.07958,1.07958,1.080005
1,20200424  07:19:00,1.08019,1.080005,1.080005,1.080165
1,20200424  07:20:00,1.080675,1.08015,1.080165,1.080665
1,20200424  07:21:00,1.080945,1.080645,1.080665,1.080805
1,20200424  07:22:00,1.081025,1.0808,1.080805,1.080945
1,20200424  07:23:00,1.080945,1.080605,1.080945,1.080625
1,20200424  07:24:00,1.080655,1.080455,1.080625,1.08048
1,20200424  07:25:00,1.080595,1.08036,1.08048,1.08049
1,20200424  07:26:00,1.08069,1.080475,1.08049,1.08058
1,20200424  07:27:00,1.080705,1.080575,1.08058,1.080625
1,20200424  07:28:00,1.08065,1.080555,1.080625,1.08058
1,20200424  07:29:00,1.08062,1.080065,1.08058,1.08034
1,20200424  07:30:00,1.08034,1.079855,1.08034,1.07987
1,20200424  07:31:00,1.07992,1.079495,1.07987,1.079575
1,20200424  07:32:00,1.079665,1.079405,1.079575,1.07952
1,20200424  07:33:00,1.079735,1.07952,1.07952,1.07971
1,20200424  07:34:00,1.080145,1.07971,1.07971,1.080145
1,20200424  07:35:00,1.080455,1.08004,1.080145,1.080455
1,20200424  07:36:00,1.080505,1.080215,1.080455,1.08048
1,20200424  07:37:00,1.080645,1.080425,1.08048,1.080465
1,20200424  07:38:00,1.08058,1.080455,1.080465,1.08049
1,20200424  07:39:00,1.08058,1.080225,1.08049,1.080295
1,20200424  07:40:00,1.08031,1.0801,1.080295,1.0801
1,20200424  07:41:00,1.080515,1.07998,1.0801,1.080365
1,20200424  07:42:00,1.080395,1.080065,1.080365,1.0802
1,20200424  07:43:00,1.0802,1.07998,1.0802,1.079985
1,20200424  07:44:00,1.080305,1.079965,1.079985,1.080185
1,20200424  07:45:00,1.080445,1.080185,1.080185,1.080435
1,20200424  07:46:00,1.080645,1.08043,1.080435,1.080585
1,20200424  07:47:00,1.080625,1.080525,1.080585,1.08062
1,20200424  07:48:00,1.080625,1.08037,1.08062,1.080425
1,20200424  07:49:00,1.080535,1.080345,1.080425,1.08039
1,20200424  07:50:00,1.080445,1.080335,1.08039,1.080345
1,20200424  07:51:00,1.080345,1.08013,1.080345,1.08013
1,20200424  07:52:00,1.08027,1.079735,1.08013,1.079735
1,20200424  07:53:00,1.079905,1.079725,1.079735,1.079835
1,20200424  07:54:00,1.080235,1.079825,1.079835,1.080125
1,20200424  07:55:00,1.08037,1.080015,1.080125,1.080015
1,20200424  07:56:00,1.08019,1.079905,1.080015,1.07993
1,20200424  07:57:00,1.080075,1.079835,1.07993,1.07998
1,20200424  07:58:00,1.08054,1.079855,1.07998,1.08054
1,20200424  07:59:00,1.080565,1.08028,1.08054,1.080305
1,20200424  08:00:00,1.080535,1.08029,1.080305,1.08043
1,20200424  08:01:00,1.080435,1.080145,1.08043,1.080355
1,20200424  08:02:00,1.08054,1.080335,1.080355,1.08034
1,20200424  08:03:00,1.08034,1.080055,1.08034,1.080145
1,20200424  08:04:00,1.080175,1.079985,1.080145,1.079985
1,20200424  08:05:00,1.080075,1.079735,1.079985,1.07975
1,20200424  08:06:00,1.080045,1.07975,1.07975,1.079985
1,20200424  08:07:00,1.080295,1.079975,1.079985,1.08021
1,20200424  08:08:00,1.08022,1.080015,1.08021,1.080145
1,20200424  08:09:00,1.08031,1.080035,1.080145,1.080085
1,20200424  08:10:00,1.080145,1.080025,1.080085,1.080135
1,20200424  08:11:00,1.08029,1.080105,1.080135,1.08025
1,20200424  08:12:00,1.08033,1.08011,1.08025,1.080275
1,20200424  08:13:00,1.08033,1.08005,1.080275,1.080065
1,20200424  08:14:00,1.08007,1.079795,1.080065,1.079915
1,20200424  08:15:00,1.080155,1.079915,1.079915,1.08008
1,20200424  08:16:00,1.08013,1.079975,1.08008,1.080025
1,20200424  08:17:00,1.08017,1.08002,1.080025,1.080075
1,20200424  08:18:00,1.080075,1.079865,1.080075,1.079945
1,20200424  08:19:00,1.080015,1.07984,1.079945,1.07984
1,20200424  08:20:00,1.07995,1.07978,1.07984,1.079845
1,20200424  08:21:00,1.079995,1.079645,1.079845,1.07966
1,20200424  08:22:00,1.079685,1.0794,1.07966,1.079445
1,20200424  08:23:00,1.07958,1.07933,1.079445,1.0794
1,20200424  08:24:00,1.079435,1.079215,1.0794,1.079285
1,20200424  08:25:00,1.079515,1.07924,1.079285,1.079485
1,20200424  08:26:00,1.079615,1.0794,1.079485,1.079555
1,20200424  08:27:00,1.079725,1.079535,1.079555,1.0797
1,20200424  08:28:00,1.07975,1.079525,1.0797,1.079745
1,20200424  08:29:00,1.079745,1.079605,1.079745,1.079695
1,20200424  08:30:00,1.08033,1.079675,1.079695,1.08031
1,20200424  08:31:00,1.0804,1.080205,1.08031,1.080305
1,20200424  08:32:00,1.080365,1.0801,1.080305,1.080355
1,20200424  08:33:00,1.08036,1.080185,1.080355,1.08024
1,20200424  08:34:00,1.080355,1.080015,1.08024,1.080305
1,20200424  08:35:00,1.08034,1.080195,1.080305,1.080255
1,20200424  08:36:00,1.080275,1.079975,1.080255,1.080145
1,20200424  08:37:00,1.080295,1.080125,1.080145,1.080185
1,20200424  08:38:00,1.080505,1.08018,1.080185,1.0805
1,20200424  08:39:00,1.080535,1.08019,1.0805,1.080335
1,20200424  08:40:00,1.08066,1.080265,1.080335,1.08066
1,20200424  08:41:00,1.080805,1.08042,1.08066,1.08042
1,20200424  08:42:00,1.080485,1.079745,1.08042,1.079875
1,20200424  08:43:00,1.08016,1.079775,1.079875,1.079775
1,20200424  08:44:00,1.079815,1.079555,1.079775,1.079645
1,20200424  08:45:00,1.079745,1.079415,1.079645,1.079485
1,20200424  08:46:00,1.079485,1.079105,1.079485,1.079115
1,20200424  08:47:00,1.079265,1.079025,1.079115,1.079075
1,20200424  08:48:00,1.07914,1.078605,1.079075,1.07871
1,20200424  08:49:00,1.078895,1.07844,1.07871,1.078515
1,20200424  08:50:00,1.07895,1.078485,1.078515,1.078935
1,20200424  08:51:00,1.07905,1.078875,1.078935,1.078895
1,20200424  08:52:00,1.07913,1.078865,1.078895,1.078995
1,20200424  08:53:00,1.079165,1.07878,1.078995,1.078945
1,20200424  08:54:00,1.079025,1.078635,1.078945,1.078695
1,20200424  08:55:00,1.07919,1.078655,1.078695,1.079175
1,20200424  08:56:00,1.0794,1.07913,1.079175,1.079265
1,20200424  08:57:00,1.079745,1.079265,1.079265,1.07969
1,20200424  08:58:00,1.08023,1.07958,1.07969,1.07995
1,20200424  08:59:00,1.07995,1.079425,1.07995,1.07967
1,20200424  09:00:00,1.08004,1.07951,1.07967,1.079695
1,20200424  09:01:00,1.080275,1.079565,1.079695,1.08017
1,20200424  09:02:00,1.08017,1.079755,1.08017,1.079755
1,20200424  09:03:00,1.079785,1.078975,1.079755,1.078975
1,20200424  09:04:00,1.079195,1.078965,1.078975,1.07903
1,20200424  09:05:00,1.079275,1.079025,1.07903,1.07908
1,20200424  09:06:00,1.07967,1.07895,1.07908,1.07949
1,20200424  09:07:00,1.079995,1.079385,1.07949,1.07983
1,20200424  09:08:00,1.08026,1.07982,1.07983,1.08012
1,20200424  09:09:00,1.080165,1.079585,1.08012,1.080155
1,20200424  09:10:00,1.080375,1.080125,1.080155,1.08036
1,20200424  09:11:00,1.080465,1.07984,1.08036,1.07989
1,20200424  09:12:00,1.080115,1.079815,1.07989,1.08008
1,20200424  09:13:00,1.080225,1.079725,1.08008,1.080225
1,20200424  09:14:00,1.080235,1.079855,1.080225,1.07986
1,20200424  09:15:00,1.079905,1.07975,1.07986,1.07978
1,20200424  09:16:00,1.07979,1.079495,1.07978,1.079685
1,20200424  09:17:00,1.080305,1.079655,1.079685,1.08025
1,20200424  09:18:00,1.081045,1.080205,1.08025,1.080975
1,20200424  09:19:00,1.08199,1.080925,1.080975,1.081735
1,20200424  09:20:00,1.08188,1.08157,1.081735,1.081595
1,20200424  09:21:00,1.081745,1.081505,1.081595,1.08166
1,20200424  09:22:00,1.08173,1.081455,1.08166,1.081715
1,20200424  09:23:00,1.081925,1.0816,1.081715,1.081605
1,20200424  09:24:00,1.08166,1.0812,1.081605,1.0812
1,20200424  09:25:00,1.08137,1.081145,1.0812,1.08124
1,20200424  09:26:00,1.08124,1.080945,1.08124,1.08109
1,20200424  09:27:00,1.08112,1.080945,1.08109,1.081015
1,20200424  09:28:00,1.08102,1.080795,1.081015,1.08098
1,20200424  09:29:00,1.08104,1.080715,1.08098,1.08087
1,20200424  09:30:00,1.080925,1.080565,1.08087,1.08074
1,20200424  09:31:00,1.08074,1.080515,1.08074,1.080665
1,20200424  09:32:00,1.080955,1.080605,1.080665,1.080735
1,20200424  09:33:00,1.080735,1.08049,1.080735,1.080565
1,20200424  09:34:00,1.080565,1.080305,1.080565,1.080395
1,20200424  09:35:00,1.080475,1.080245,1.080395,1.08037
1,20200424  09:36:00,1.080625,1.08015,1.08037,1.080555
1,20200424  09:37:00,1.080825,1.080545,1.080555,1.080675
1,20200424  09:38:00,1.080805,1.080485,1.080675,1.080485
1,20200424  09:39:00,1.0805,1.080295,1.080485,1.0803
1,20200424  09:40:00,1.08046,1.080215,1.0803,1.080275
1,20200424  09:41:00,1.080275,1.07975,1.080275,1.079815
1,20200424  09:42:00,1.080055,1.079795,1.079815,1.080045
1,20200424  09:43:00,1.080605,1.079905,1.080045,1.080565
1,20200424  09:44:00,1.08071,1.080335,1.080565,1.08071
1,20200424  09:45:00,1.080815,1.080385,1.08071,1.080615
1,20200424  09:46:00,1.08082,1.08048,1.080615,1.08082
1,20200424  09:47:00,1.08119,1.0808,1.08082,1.08107
1,20200424  09:48:00,1.081105,1.080745,1.08107,1.080795
1,20200424  09:49:00,1.080925,1.080765,1.080795,1.08078
1,20200424  09:50:00,1.081035,1.08062,1.08078,1.08099
1,20200424  09:51:00,1.081555,1.080985,1.08099,1.081455
1,20200424  09:52:00,1.08177,1.081025,1.081455,1.081055
1,20200424  09:53:00,1.08145,1.080705,1.081055,1.081315
1,20200424  09:54:00,1.081615,1.08127,1.081315,1.081615
1,20200424  09:55:00,1.081615,1.081335,1.081615,1.081335
1,20200424  09:56:00,1.08154,1.08126,1.081335,1.08126
1,20200424  09:57:00,1.08137,1.081005,1.08126,1.08118
1,20200424  09:58:00,1.081225,1.080865,1.08118,1.081115
1,20200424  09:59:00,1.081385,1.081115,1.081115,1.081375
1,20200424  10:00:00,1.081415,1.081065,1.081375,1.081115
1,20200424  10:01:00,1.081295,1.081065,1.081115,1.081085
1,20200424  10:02:00,1.081185,1.080605,1.081085,1.08071
1,20200424  10:03:00,1.08091,1.080525,1.08071,1.080585
1,20200424  10:04:00,1.08069,1.080365,1.080585,1.08056
1,20200424  10:05:00,1.08084,1.08047,1.08056,1.08082
1,20200424  10:06:00,1.080835,1.08065,1.08082,1.080655
1,20200424  10:07:00,1.080685,1.08027,1.080655,1.08028
1,20200424  10:08:00,1.08033,1.0801,1.08028,1.080275
1,20200424  10:09:00,1.080325,1.080015,1.080275,1.080185
1,20200424  10:10:00,1.08019,1.079975,1.080185,1.080035
1,20200424  10:11:00,1.080035,1.079705,1.080035,1.07978
1,20200424  10:12:00,1.07989,1.079615,1.07978,1.079705
1,20200424  10:13:00,1.080225,1.079685,1.079705,1.08019
1,20200424  10:14:00,1.080385,1.080165,1.08019,1.080345
1,20200424  10:15:00,1.080435,1.080145,1.080345,1.08032
1,20200424  10:16:00,1.080335,1.080065,1.08032,1.0801
1,20200424  10:17:00,1.080135,1.07985,1.0801,1.079955
1,20200424  10:18:00,1.08005,1.079835,1.079955,1.079835
1,20200424  10:19:00,1.079955,1.07977,1.079835,1.079945
1,20200424  10:20:00,1.0801,1.079715,1.079945,1.079765
1,20200424  10:21:00,1.079945,1.079755,1.079765,1.079915
1,20200424  10:22:00,1.07993,1.079795,1.079915,1.079895
1,20200424  10:23:00,1.07992,1.079615,1.079895,1.079855
1,20200424  10:24:00,1.07992,1.079615,1.079855,1.079625
1,20200424  10:25:00,1.079915,1.079615,1.079625,1.079655
1,20200424  10:26:00,1.0799,1.079655,1.079655,1.079885
1,20200424  10:27:00,1.080135,1.079885,1.079885,1.080135
1,20200424  10:28:00,1.080275,1.080075,1.080135,1.080205
1,20200424  10:29:00,1.080235,1.08008,1.080205,1.08017
1,20200424  10:30:00,1.080365,1.07989,1.08017,1.079905
1,20200424  10:31:00,1.079935,1.079655,1.079905,1.07992
1,20200424  10:32:00,1.07992,1.07977,1.07992,1.079815
1,20200424  10:33:00,1.08004,1.079775,1.079815,1.079905
1,20200424  10:34:00,1.080205,1.07986,1.079905,1.08017
1,20200424  10:35:00,1.08019,1.080015,1.08017,1.0801
1,20200424  10:36:00,1.08015,1.079895,1.0801,1.079895
1,20200424  10:37:00,1.07998,1.079865,1.079895,1.07997
1,20200424  10:38:00,1.08006,1.079775,1.07997,1.079855
1,20200424  10:39:00,1.080055,1.079815,1.079855,1.079835
1,20200424  10:40:00,1.07984,1.0796,1.079835,1.0796
1,20200424  10:41:00,1.0796,1.0794,1.0796,1.07951
1,20200424  10:42:00,1.07958,1.079415,1.07951,1.079555
1,20200424  10:43:00,1.079935,1.079535,1.079555,1.079825
1,20200424  10:44:00,1.079905,1.079815,1.079825,1.07984
1,20200424  10:45:00,1.079945,1.07981,1.07984,1.07981
1,20200424  10:46:00,1.07996,1.079775,1.07981,1.079955
1,20200424  10:47:00,1.079995,1.079775,1.079955,1.0799
1,20200424  10:48:00,1.079985,1.079865,1.0799,1.079875
1,20200424  10:49:00,1.07991,1.079655,1.079875,1.0799
1,20200424  10:50:00,1.080105,1.079895,1.0799,1.07991
1,20200424  10:51:00,1.079995,1.079795,1.07991,1.07998
1,20200424  10:52:00,1.079985,1.079735,1.07998,1.079745
1,20200424  10:53:00,1.079845,1.079695,1.079745,1.0797
1,20200424  10:54:00,1.07978,1.07966,1.0797,1.0797
1,20200424  10:55:00,1.07981,1.079495,1.0797,1.079805
1,20200424  10:56:00,1.07989,1.079755,1.079805,1.0798
1,20200424  10:57:00,1.080075,1.079785,1.0798,1.080045
1,20200424  10:58:00,1.080085,1.079895,1.080045,1.079925
1,20200424  10:59:00,1.079975,1.079685,1.079925,1.079715
1,20200424  11:00:00,1.079965,1.079715,1.079715,1.079885
1,20200424  11:01:00,1.080055,1.07985,1.079885,1.079965
1,20200424  11:02:00,1.080065,1.079835,1.079965,1.079915
1,20200424  11:03:00,1.080065,1.079745,1.079915,1.079835
1,20200424  11:04:00,1.079875,1.079595,1.079835,1.079815
1,20200424  11:05:00,1.079815,1.079675,1.079815,1.079785
1,20200424  11:06:00,1.079965,1.07976,1.079785,1.07992
1,20200424  11:07:00,1.080105,1.079875,1.07992,1.079955
1,20200424  11:08:00,1.08023,1.079785,1.079955,1.079825
1,20200424  11:09:00,1.080055,1.079825,1.079825,1.079995
1,20200424  11:10:00,1.08001,1.07971,1.079995,1.07973
1,20200424  11:11:00,1.079775,1.079645,1.07973,1.07967
1,20200424  11:12:00,1.079675,1.079475,1.07967,1.07953
1,20200424  11:13:00,1.07958,1.079445,1.07953,1.07949
1,20200424  11:14:00,1.07957,1.07938,1.07949,1.079415
1,20200424  11:15:00,1.079545,1.079325,1.079415,1.079345
1,20200424  11:16:00,1.079415,1.07918,1.079345,1.0794
1,20200424  11:17:00,1.07943,1.07922,1.0794,1.07941
1,20200424  11:18:00,1.07955,1.079315,1.07941,1.079375
1,20200424  11:19:00,1.07957,1.079345,1.079375,1.07957
1,20200424  11:20:00,1.079675,1.079345,1.07957,1.07966
1,20200424  11:21:00,1.0797,1.07934,1.07966,1.07937
1,20200424  11:22:00,1.07939,1.079165,1.07937,1.079325
1,20200424  11:23:00,1.07944,1.079125,1.079325,1.079125
1,20200424  11:24:00,1.0794,1.079045,1.079125,1.079345
1,20200424  11:25:00,1.079345,1.07914,1.079345,1.079205
1,20200424  11:26:00,1.0794,1.079135,1.079205,1.07922
1,20200424  11:27:00,1.07924,1.078825,1.07922,1.078935
1,20200424  11:28:00,1.07902,1.078725,1.078935,1.07878
1,20200424  11:29:00,1.078975,1.078745,1.07878,1.078865
1,20200424  11:30:00,1.079065,1.078835,1.078865,1.07901
1,20200424  11:31:00,1.079235,1.079005,1.07901,1.079235
1,20200424  11:32:00,1.079255,1.07911,1.079235,1.07922
1,20200424  11:33:00,1.079225,1.07894,1.07922,1.07896
1,20200424  11:34:00,1.07896,1.078865,1.07896,1.078935
1,20200424  11:35:00,1.079035,1.078835,1.078935,1.07895
1,20200424  11:36:00,1.07896,1.078785,1.07895,1.078885
1,20200424  11:37:00,1.07902,1.07881,1.078885,1.07896
1,20200424  11:38:00,1.07905,1.078945,1.07896,1.07905
1,20200424  11:39:00,1.079215,1.079005,1.07905,1.079145
1,20200424  11:40:00,1.07928,1.079075,1.079145,1.07926
1,20200424  11:41:00,1.079395,1.07923,1.07926,1.079315
1,20200424  11:42:00,1.07937,1.079145,1.079315,1.07915
1,20200424  11:43:00,1.07915,1.07902,1.07915,1.079055
1,20200424  11:44:00,1.07925,1.079035,1.079055,1.079245
1,20200424  11:45:00,1.07936,1.07923,1.079245,1.079315
1,20200424  11:46:00,1.07955,1.079295,1.079315,1.079545
1,20200424  11:47:00,1.07981,1.079525,1.079545,1.0798
1,20200424  11:48:00,1.079855,1.079615,1.0798,1.079625
1,20200424  11:49:00,1.07963,1.07949,1.079625,1.07951
1,20200424  11:50:00,1.079735,1.07951,1.07951,1.079545
1,20200424  11:51:00,1.07956,1.079435,1.079545,1.079485
1,20200424  11:52:00,1.07963,1.079485,1.079485,1.079605
1,20200424  11:53:00,1.079605,1.079495,1.079605,1.079515
1,20200424  11:54:00,1.07952,1.07946,1.079515,1.079485
1,20200424  11:55:00,1.07949,1.079145,1.079485,1.079155
1,20200424  11:56:00,1.079245,1.07869,1.079155,1.07891
1,20200424  11:57:00,1.078925,1.07865,1.07891,1.078875
1,20200424  11:58:00,1.078875,1.078745,1.078875,1.078815
1,20200424  11:59:00,1.07888,1.07872,1.078815,1.07883
1,20200424  12:00:00,1.07891,1.078785,1.07883,1.07879
1,20200424  12:01:00,1.078805,1.078465,1.07879,1.07864
1,20200424  12:02:00,1.078775,1.078535,1.07864,1.07873
1,20200424  12:03:00,1.07874,1.078635,1.07873,1.078705
1,20200424  12:04:00,1.07882,1.07867,1.078705,1.078715
1,20200424  12:05:00,1.078925,1.078715,1.078715,1.0789
1,20200424  12:06:00,1.078905,1.078845,1.0789,1.078875
1,20200424  12:07:00,1.078945,1.078695,1.078875,1.07872
1,20200424  12:08:00,1.07874,1.07855,1.07872,1.078585
1,20200424  12:09:00,1.0787,1.078575,1.078585,1.07865
1,20200424  12:10:00,1.078725,1.07865,1.07865,1.078725
1,20200424  12:11:00,1.07874,1.07869,1.078725,1.078705
1,20200424  12:12:00,1.07883,1.078645,1.078705,1.078675
1,20200424  12:13:00,1.078825,1.078665,1.078675,1.07879
1,20200424  12:14:00,1.078925,1.078775,1.07879,1.07892
1,20200424  12:15:00,1.07894,1.07865,1.07892,1.0787
1,20200424  12:16:00,1.078945,1.0787,1.0787,1.07891
1,20200424  12:17:00,1.07904,1.07884,1.07891,1.079035
1,20200424  12:18:00,1.079145,1.079025,1.079035,1.079045
1,20200424  12:19:00,1.079135,1.078955,1.079045,1.078955
1,20200424  12:20:00,1.079105,1.078955,1.078955,1.079105
1,20200424  12:21:00,1.079135,1.07905,1.079105,1.079135
1,20200424  12:22:00,1.079185,1.079085,1.079135,1.07913
1,20200424  12:23:00,1.079185,1.079125,1.07913,1.079185
1,20200424  12:24:00,1.0792,1.07914,1.079185,1.079185
1,20200424  12:25:00,1.079205,1.079015,1.079185,1.07904
1,20200424  12:26:00,1.07904,1.07887,1.07904,1.078875
1,20200424  12:27:00,1.078875,1.078675,1.078875,1.078695
1,20200424  12:28:00,1.078765,1.07869,1.078695,1.07872
1,20200424  12:29:00,1.07893,1.078685,1.07872,1.078915
1,20200424  12:30:00,1.078915,1.07878,1.078915,1.07889
1,20200424  12:31:00,1.07889,1.07878,1.07889,1.07878
1,20200424  12:32:00,1.078885,1.07878,1.07878,1.07888
1,20200424  12:33:00,1.07904,1.07888,1.07888,1.07904
1,20200424  12:34:00,1.079235,1.07904,1.07904,1.07922
1,20200424  12:35:00,1.07929,1.0792,1.07922,1.079275
1,20200424  12:36:00,1.07928,1.07922,1.079275,1.079225
1,20200424  12:37:00,1.07928,1.079175,1.079225,1.079175
1,20200424  12:38:00,1.07918,1.078985,1.079175,1.079015
1,20200424  12:39:00,1.07908,1.078985,1.079015,1.078985
1,20200424  12:40:00,1.079225,1.07897,1.078985,1.079225
1,20200424  12:41:00,1.07935,1.079225,1.079225,1.079275
1,20200424  12:42:00,1.079345,1.079275,1.079275,1.079325
1,20200424  12:43:00,1.079375,1.079275,1.079325,1.07933
1,20200424  12:44:00,1.079345,1.07923,1.07933,1.079275
1,20200424  12:45:00,1.07933,1.079185,1.079275,1.079225
1,20200424  12:46:00,1.079225,1.079135,1.079225,1.07917
1,20200424  12:47:00,1.079315,1.079165,1.07917,1.079315
1,20200424  12:48:00,1.079415,1.07926,1.079315,1.07932
1,20200424  12:49:00,1.079395,1.07929,1.07932,1.079315
1,20200424  12:50:00,1.079315,1.079205,1.079315,1.07922
1,20200424  12:51:00,1.079225,1.079135,1.07922,1.079135
1,20200424  12:52:00,1.07924,1.079125,1.079135,1.079235
1,20200424  12:53:00,1.079345,1.079225,1.079235,1.079225
1,20200424  12:54:00,1.07927,1.079205,1.079225,1.07927
1,20200424  12:55:00,1.07927,1.0791,1.07927,1.07923
1,20200424  12:56:00,1.079335,1.07922,1.07923,1.079335
1,20200424  12:57:00,1.079535,1.079335,1.079335,1.07948
1,20200424  12:58:00,1.07949,1.07934,1.07948,1.079395
1,20200424  12:59:00,1.079445,1.07931,1.079395,1.07942
1,20200424  13:00:00,1.07942,1.079185,1.07942,1.07933
1,20200424  13:01:00,1.07933,1.079275,1.07933,1.07929
1,20200424  13:02:00,1.07929,1.07913,1.07929,1.07913
1,20200424  13:03:00,1.079275,1.07913,1.07913,1.07927
1,20200424  13:04:00,1.079345,1.07924,1.07927,1.07933
1,20200424  13:05:00,1.07939,1.07932,1.07933,1.07932
1,20200424  13:06:00,1.07942,1.07932,1.07932,1.07942
1,20200424  13:07:00,1.079475,1.07938,1.07942,1.07938
1,20200424  13:08:00,1.0794,1.079135,1.07938,1.079145
1,20200424  13:09:00,1.079215,1.079145,1.079145,1.07916
1,20200424  13:10:00,1.07918,1.07909,1.07916,1.07911
1,20200424  13:11:00,1.079175,1.079095,1.07911,1.079105
1,20200424  13:12:00,1.07913,1.079065,1.079105,1.079085
1,20200424  13:13:00,1.079425,1.079085,1.079085,1.079415
1,20200424  13:14:00,1.07955,1.079415,1.079415,1.079535
1,20200424  13:15:00,1.079565,1.07944,1.079535,1.07949
1,20200424  13:16:00,1.07961,1.07948,1.07949,1.079605
1,20200424  13:17:00,1.079655,1.07958,1.079605,1.07963
1,20200424  13:18:00,1.079635,1.07958,1.07963,1.079595
1,20200424  13:19:00,1.07967,1.079575,1.079595,1.079635
1,20200424  13:20:00,1.079725,1.0796,1.079635,1.079625
1,20200424  13:21:00,1.079725,1.079615,1.079625,1.079715
1,20200424  13:22:00,1.079725,1.079665,1.079715,1.07969
1,20200424  13:23:00,1.0797,1.07962,1.07969,1.07963
1,20200424  13:24:00,1.07983,1.079625,1.07963,1.079765
1,20200424  13:25:00,1.079805,1.07966,1.079765,1.07966
1,20200424  13:26:00,1.079675,1.079465,1.07966,1.079465
1,20200424  13:27:00,1.079625,1.079405,1.079465,1.07962
1,20200424  13:28:00,1.079695,1.07961,1.07962,1.07966
1,20200424  13:29:00,1.079665,1.07957,1.07966,1.079595
1,20200424  13:30:00,1.07974,1.079565,1.079595,1.079735
1,20200424  13:31:00,1.079835,1.079735,1.079735,1.07983
1,20200424  13:32:00,1.07983,1.07966,1.07983,1.07966
1,20200424  13:33:00,1.079665,1.079575,1.07966,1.079575
1,20200424  13:34:00,1.079575,1.079505,1.079575,1.079545
1,20200424  13:35:00,1.079555,1.079505,1.079545,1.07953
1,20200424  13:36:00,1.07972,1.07953,1.07953,1.079715
1,20200424  13:37:00,1.079735,1.0797,1.079715,1.07971
1,20200424  13:38:00,1.079725,1.079655,1.07971,1.079705
1,20200424  13:39:00,1.079795,1.079695,1.079705,1.079745
1,20200424  13:40:00,1.079815,1.079695,1.079745,1.07972
1,20200424  13:41:00,1.07979,1.07966,1.07972,1.07979
1,20200424  13:42:00,1.07979,1.079715,1.07979,1.079765
1,20200424  13:43:00,1.079765,1.079665,1.079765,1.079725
1,20200424  13:44:00,1.07978,1.07969,1.079725,1.07975
1,20200424  13:45:00,1.079835,1.079745,1.07975,1.079835
1,20200424  13:46:00,1.07995,1.07983,1.079835,1.07992
1,20200424  13:47:00,1.080015,1.07989,1.07992,1.07992
1,20200424  13:48:00,1.079985,1.07992,1.07992,1.07995
1,20200424  13:49:00,1.079955,1.07983,1.07995,1.07983
1,20200424  13:50:00,1.080105,1.07983,1.07983,1.080075
1,20200424  13:51:00,1.080105,1.079885,1.080075,1.079995
1,20200424  13:52:00,1.080055,1.079835,1.079995,1.080055
1,20200424  13:53:00,1.080055,1.07996,1.080055,1.080015
1,20200424  13:54:00,1.080015,1.079785,1.080015,1.079835
1,20200424  13:55:00,1.079875,1.0798,1.079835,1.07983
1,20200424  13:56:00,1.080015,1.07975,1.07983,1.080015
1,20200424  13:57:00,1.080085,1.079965,1.080015,1.080065
1,20200424  13:58:00,1.080085,1.07988,1.080065,1.07992
1,20200424  13:59:00,1.07993,1.079745,1.07992,1.07978
1,20200424  14:00:00,1.07984,1.079745,1.07978,1.079815
1,20200424  14:01:00,1.079815,1.079685,1.079815,1.07971
1,20200424  14:02:00,1.079895,1.07969,1.07971,1.079875
1,20200424  14:03:00,1.079875,1.079805,1.079875,1.07986
1,20200424  14:04:00,1.07987,1.07975,1.07986,1.0798
1,20200424  14:05:00,1.079955,1.079795,1.0798,1.079855
1,20200424  14:06:00,1.07992,1.079765,1.079855,1.07981
1,20200424  14:07:00,1.07996,1.07975,1.07981,1.07979
1,20200424  14:08:00,1.07992,1.079765,1.07979,1.07984
1,20200424  14:09:00,1.08019,1.079825,1.07984,1.080125
1,20200424  14:10:00,1.08018,1.08011,1.080125,1.080115
1,20200424  14:11:00,1.080145,1.080015,1.080115,1.080055
1,20200424  14:12:00,1.080125,1.080005,1.080055,1.080105
1,20200424  14:13:00,1.08022,1.080065,1.080105,1.08022
1,20200424  14:14:00,1.08022,1.0801,1.08022,1.080105
1,20200424  14:15:00,1.08011,1.08006,1.080105,1.0801
1,20200424  14:16:00,1.080245,1.080065,1.0801,1.08013
1,20200424  14:17:00,1.080135,1.080035,1.08013,1.080135
1,20200424  14:18:00,1.08015,1.080105,1.080135,1.080135
1,20200424  14:19:00,1.08019,1.08013,1.080135,1.08019
1,20200424  14:20:00,1.080475,1.080175,1.08019,1.080305
1,20200424  14:21:00,1.080335,1.080205,1.080305,1.080305
1,20200424  14:22:00,1.08049,1.08028,1.080305,1.080485
1,20200424  14:23:00,1.080525,1.08045,1.080485,1.080475
1,20200424  14:24:00,1.080745,1.080475,1.080475,1.08065
1,20200424  14:25:00,1.0809,1.080645,1.08065,1.080805
1,20200424  14:26:00,1.080805,1.080715,1.080805,1.080745
1,20200424  14:27:00,1.080855,1.080735,1.080745,1.08081
1,20200424  14:28:00,1.08093,1.080765,1.08081,1.080765
1,20200424  14:29:00,1.080765,1.080605,1.080765,1.080605
1,20200424  14:30:00,1.08061,1.080535,1.080605,1.08054
1,20200424  14:31:00,1.080585,1.08048,1.08054,1.080485
1,20200424  14:32:00,1.080495,1.080395,1.080485,1.0804
1,20200424  14:33:00,1.08071,1.0804,1.0804,1.080695
1,20200424  14:34:00,1.08089,1.08067,1.080695,1.080875
1,20200424  14:35:00,1.08093,1.08085,1.080875,1.080905
1,20200424  14:36:00,1.081005,1.08084,1.080905,1.080985
1,20200424  14:37:00,1.081105,1.08087,1.080985,1.08091
1,20200424  14:38:00,1.080935,1.080825,1.08091,1.080845
1,20200424  14:39:00,1.080955,1.080815,1.080845,1.08092
1,20200424  14:40:00,1.08093,1.080845,1.08092,1.080855
1,20200424  14:41:00,1.08094,1.08081,1.080855,1.080895
1,20200424  14:42:00,1.08098,1.080765,1.080895,1.0808
1,20200424  14:43:00,1.08082,1.08075,1.0808,1.08082
1,20200424  14:44:00,1.0809,1.08081,1.08082,1.080855
1,20200424  14:45:00,1.08097,1.080785,1.080855,1.08097
1,20200424  14:46:00,1.08122,1.08097,1.08097,1.081195
1,20200424  14:47:00,1.081325,1.081195,1.081195,1.081295
1,20200424  14:48:00,1.08133,1.08113,1.081295,1.08133
1,20200424  14:49:00,1.08133,1.08098,1.08133,1.08101
1,20200424  14:50:00,1.08101,1.08083,1.08101,1.080845
1,20200424  14:51:00,1.08087,1.080805,1.080845,1.080835
1,20200424  14:52:00,1.08089,1.080805,1.080835,1.080805
1,20200424  14:53:00,1.080825,1.08071,1.080805,1.08072
1,20200424  14:54:00,1.080725,1.08056,1.08072,1.080615
1,20200424  14:55:00,1.08077,1.0806,1.080615,1.08074
1,20200424  14:56:00,1.080845,1.08072,1.08074,1.08078
1,20200424  14:57:00,1.0809,1.080765,1.08078,1.0809
1,20200424  14:58:00,1.081,1.080785,1.0809,1.080805
1,20200424  14:59:00,1.08113,1.08078,1.080805,1.08111
1,20200424  15:00:00,1.08113,1.080865,1.08111,1.08093
1,20200424  15:01:00,1.081155,1.080815,1.08093,1.081035
1,20200424  15:02:00,1.081095,1.080955,1.081035,1.080965
1,20200424  15:03:00,1.081015,1.08094,1.080965,1.080975
1,20200424  15:04:00,1.081175,1.080975,1.080975,1.08116
1,20200424  15:05:00,1.08178,1.08116,1.08116,1.081725
1,20200424  15:06:00,1.081895,1.08155,1.081725,1.081845
1,20200424  15:07:00,1.081985,1.081765,1.081845,1.0818
1,20200424  15:08:00,1.08184,1.081615,1.0818,1.0818
1,20200424  15:09:00,1.08181,1.081675,1.0818,1.08168
1,20200424  15:10:00,1.081685,1.081425,1.08168,1.081435
1,20200424  15:11:00,1.081555,1.08138,1.081435,1.08151
1,20200424  15:12:00,1.08159,1.081445,1.08151,1.08145
1,20200424  15:13:00,1.08157,1.08144,1.08145,1.08155
1,20200424  15:14:00,1.081685,1.081375,1.08155,1.08168
1,20200424  15:15:00,1.08168,1.08148,1.08168,1.08152
1,20200424  15:16:00,1.08154,1.081495,1.08152,1.08154
1,20200424  15:17:00,1.08165,1.081535,1.08154,1.08164
1,20200424  15:18:00,1.0817,1.08155,1.08164,1.0816
1,20200424  15:19:00,1.08168,1.081545,1.0816,1.081665
1,20200424  15:20:00,1.08175,1.081655,1.081665,1.081705
1,20200424  15:21:00,1.081715,1.08158,1.081705,1.08164
1,20200424  15:22:00,1.0817,1.081625,1.08164,1.081685
1,20200424  15:23:00,1.081745,1.081675,1.081685,1.08171
1,20200424  15:24:00,1.08171,1.08141,1.08171,1.08142
1,20200424  15:25:00,1.081445,1.081415,1.08142,1.08142
1,20200424  15:26:00,1.081425,1.0814,1.08142,1.081425
1,20200424  15:27:00,1.081475,1.081405,1.081425,1.08144
1,20200424  15:28:00,1.08155,1.08144,1.08144,1.081505
1,20200424  15:29:00,1.08156,1.08139,1.081505,1.081515
1,20200424  15:30:00,1.08169,1.081515,1.081515,1.081585
1,20200424  15:31:00,1.081665,1.08158,1.081585,1.081605
1,20200424  15:32:00,1.08186,1.081605,1.081605,1.08186
1,20200424  15:33:00,1.08186,1.081795,1.08186,1.081805
1,20200424  15:34:00,1.08181,1.08172,1.081805,1.081755
1,20200424  15:35:00,1.081795,1.08172,1.081755,1.081775
1,20200424  15:36:00,1.081865,1.08174,1.081775,1.08185
1,20200424  15:37:00,1.08194,1.08183,1.08185,1.081915
1,20200424  15:38:00,1.08194,1.08186,1.081915,1.08187
1,20200424  15:39:00,1.081885,1.081785,1.08187,1.0818
1,20200424  15:40:00,1.08181,1.08163,1.0818,1.08172
1,20200424  15:41:00,1.08179,1.08171,1.08172,1.081755
1,20200424  15:42:00,1.081775,1.081605,1.081755,1.08164
1,20200424  15:43:00,1.08169,1.08161,1.08164,1.081655
1,20200424  15:44:00,1.081715,1.08162,1.081655,1.081715
1,20200424  15:45:00,1.08179,1.0817,1.081715,1.081735
1,20200424  15:46:00,1.08175,1.081695,1.081735,1.081745
1,20200424  15:47:00,1.081875,1.08173,1.081745,1.081855
1,20200424  15:48:00,1.081975,1.081785,1.081855,1.081965
1,20200424  15:49:00,1.08248,1.08196,1.081965,1.082285
1,20200424  15:50:00,1.082355,1.08202,1.082285,1.082125
1,20200424  15:51:00,1.082315,1.082015,1.082125,1.082265
1,20200424  15:52:00,1.08235,1.08219,1.082265,1.08235
1,20200424  15:53:00,1.082595,1.08234,1.08235,1.082475
1,20200424  15:54:00,1.08259,1.082425,1.082475,1.082505
1,20200424  15:55:00,1.08288,1.082275,1.082505,1.082835
1,20200424  15:56:00,1.082965,1.082675,1.082835,1.08289
1,20200424  15:57:00,1.08294,1.082565,1.08289,1.08264
1,20200424  15:58:00,1.08272,1.08233,1.08264,1.08237
1,20200424  15:59:00,1.08256,1.08211,1.08237,1.08227
