83,27042020  12:57:34,0,1545012259,0,PreSubmitted,0.0,10.0,0.0,0.0
84,27042020  12:57:34,83,1545012260,0,PreSubmitted,0.0,10.0,0.0,0.0
84,27042020  12:57:34,83,1545012260,0,PreSubmitted,0.0,10.0,0.0,0.0
84,27042020  12:57:34,83,1545012260,0,PreSubmitted,0.0,10.0,0.0,0.0
83,27042020  12:57:34,0,1545012259,0,Submitted,0.0,10.0,0.0,0.0
85,27042020  12:57:34,83,1545012261,0,PreSubmitted,0.0,10.0,0.0,0.0
85,27042020  12:57:34,83,1545012261,0,PreSubmitted,0.0,10.0,0.0,0.0
84,27042020  12:57:34,83,1545012260,0,PreSubmitted,0.0,10.0,0.0,0.0
85,27042020  12:57:35,83,1545012261,0,PreSubmitted,0.0,10.0,0.0,0.0
84,27042020  12:57:35,83,1545012260,0,PreSubmitted,0.0,10.0,0.0,0.0
85,27042020  12:57:35,83,1545012261,0,PreSubmitted,0.0,10.0,0.0,0.0
84,27042020  12:57:35,83,1545012260,0,PreSubmitted,0.0,10.0,0.0,0.0
85,27042020  12:57:36,83,1545012261,0,PreSubmitted,0.0,10.0,0.0,0.0
84,27042020  12:57:40,83,1545012260,0,PendingSubmit,0.0,10.0,0.0,0.0
85,27042020  12:57:40,83,1545012261,0,PendingSubmit,0.0,10.0,0.0,0.0
84,27042020  12:57:40,83,1545012260,0,PreSubmitted,0.0,10.0,0.0,0.0
85,27042020  12:57:40,83,1545012261,0,PreSubmitted,0.0,10.0,0.0,0.0
84,27042020  12:57:41,83,1545012260,0,PreSubmitted,0.0,10.0,0.0,0.0
85,27042020  12:57:41,83,1545012261,0,PreSubmitted,0.0,10.0,0.0,0.0
84,27042020  12:57:41,83,1545012260,0,PreSubmitted,0.0,10.0,0.0,0.0
85,27042020  12:57:41,83,1545012261,0,PreSubmitted,0.0,10.0,0.0,0.0
84,27042020  12:57:42,83,1545012260,0,PreSubmitted,0.0,10.0,0.0,0.0
85,27042020  12:57:42,83,1545012261,0,PreSubmitted,0.0,10.0,0.0,0.0
84,27042020  12:57:46,83,1545012260,0,PendingSubmit,0.0,10.0,0.0,0.0
85,27042020  12:57:46,83,1545012261,0,PendingSubmit,0.0,10.0,0.0,0.0
84,27042020  12:57:46,83,1545012260,0,PreSubmitted,0.0,10.0,0.0,0.0
85,27042020  12:57:46,83,1545012261,0,PreSubmitted,0.0,10.0,0.0,0.0
84,27042020  12:57:48,83,1545012260,0,PreSubmitted,0.0,10.0,0.0,0.0
85,27042020  12:57:48,83,1545012261,0,PreSubmitted,0.0,10.0,0.0,0.0
84,27042020  12:57:49,83,1545012260,0,PreSubmitted,0.0,10.0,0.0,0.0
85,27042020  12:57:49,83,1545012261,0,PreSubmitted,0.0,10.0,0.0,0.0
84,27042020  12:57:49,83,1545012260,0,PreSubmitted,0.0,10.0,0.0,0.0
85,27042020  12:57:49,83,1545012261,0,PreSubmitted,0.0,10.0,0.0,0.0
84,27042020  12:57:50,83,1545012260,0,PreSubmitted,0.0,10.0,0.0,0.0
85,27042020  12:57:50,83,1545012261,0,PreSubmitted,0.0,10.0,0.0,0.0
84,27042020  12:57:50,83,1545012260,0,PreSubmitted,0.0,10.0,0.0,0.0
85,27042020  12:57:50,83,1545012261,0,PreSubmitted,0.0,10.0,0.0,0.0
84,27042020  12:57:51,83,1545012260,0,PreSubmitted,0.0,10.0,0.0,0.0
85,27042020  12:57:51,83,1545012261,0,PreSubmitted,0.0,10.0,0.0,0.0
84,27042020  12:57:53,83,1545012260,0,PreSubmitted,0.0,10.0,0.0,0.0
85,27042020  12:57:53,83,1545012261,0,PreSubmitted,0.0,10.0,0.0,0.0
84,27042020  12:57:54,83,1545012260,0,PreSubmitted,0.0,10.0,0.0,0.0
85,27042020  12:57:54,83,1545012261,0,PreSubmitted,0.0,10.0,0.0,0.0
84,27042020  12:57:56,83,1545012260,0,PreSubmitted,0.0,10.0,0.0,0.0
85,27042020  12:57:56,83,1545012261,0,PreSubmitted,0.0,10.0,0.0,0.0
84,27042020  12:57:56,83,1545012260,0,PreSubmitted,0.0,10.0,0.0,0.0
85,27042020  12:57:57,83,1545012261,0,PreSubmitted,0.0,10.0,0.0,0.0
84,27042020  12:57:58,83,1545012260,0,PreSubmitted,0.0,10.0,0.0,0.0
85,27042020  12:57:58,83,1545012261,0,PreSubmitted,0.0,10.0,0.0,0.0
84,27042020  12:57:58,83,1545012260,0,PreSubmitted,0.0,10.0,0.0,0.0
85,27042020  12:57:59,83,1545012261,0,PreSubmitted,0.0,10.0,0.0,0.0
84,27042020  12:57:59,83,1545012260,0,PreSubmitted,0.0,10.0,0.0,0.0
85,27042020  12:57:59,83,1545012261,0,PreSubmitted,0.0,10.0,0.0,0.0
83,27042020  12:57:59,0,1545012259,0,Cancelled,0.0,10.0,0.0,0.0
84,27042020  12:57:59,83,1545012260,0,Cancelled,0.0,10.0,0.0,0.0
85,27042020  12:57:59,83,1545012261,0,Cancelled,0.0,10.0,0.0,0.0
