1,20200720  08:54:55,385.06,385.01,385.06,385.01
1,20200720  08:54:56,385.08,385.01,385.01,385.08
1,20200720  08:54:57,385.13,385.08,385.08,385.115
1,20200720  08:54:58,385.145,385.115,385.115,385.12
1,20200720  08:54:59,385.13,385.06,385.12,385.06
1,20200720  08:55:00,385.065,385.03,385.06,385.04
1,20200720  08:55:01,385.04,384.98,385.04,384.99
1,20200720  08:55:02,385.07,384.93,384.99,385.07
1,20200720  08:55:03,385.07,385.055,385.07,385.055
1,20200720  08:55:04,385.165,385.055,385.055,385.165
1,20200720  08:55:05,385.165,385.1,385.165,385.105
1,20200720  08:55:06,385.17,385.1,385.105,385.155
1,20200720  08:55:07,385.21,385.155,385.155,385.18
1,20200720  08:55:08,385.21,385.13,385.18,385.13
1,20200720  08:55:09,385.17,385.13,385.13,385.16
1,20200720  08:55:10,385.175,385.16,385.16,385.16
1,20200720  08:55:11,385.18,385.155,385.16,385.155
1,20200720  08:55:12,385.155,385.01,385.155,385.015
1,20200720  08:55:13,385.05,385.015,385.015,385.045
1,20200720  08:55:14,385.05,385.045,385.045,385.05
1,20200720  08:55:15,385.05,384.995,385.05,385.01
1,20200720  08:55:16,385.015,384.915,385.01,384.935
1,20200720  08:55:17,384.955,384.925,384.935,384.955
1,20200720  08:55:18,384.955,384.88,384.955,384.88
1,20200720  08:55:19,384.88,384.83,384.88,384.83
1,20200720  08:55:20,384.86,384.77,384.83,384.805
1,20200720  08:55:21,384.805,384.78,384.805,384.795
1,20200720  08:55:22,384.905,384.77,384.795,384.905
1,20200720  08:55:23,384.905,384.87,384.905,384.875
1,20200720  08:55:24,384.875,384.835,384.875,384.84
1,20200720  08:55:25,384.855,384.84,384.84,384.855
1,20200720  08:55:26,384.875,384.805,384.855,384.85
1,20200720  08:55:27,384.85,384.84,384.85,384.84
1,20200720  08:55:28,384.855,384.805,384.84,384.855
1,20200720  08:55:29,384.925,384.855,384.855,384.92
1,20200720  08:55:30,384.955,384.92,384.92,384.955
1,20200720  08:55:31,384.965,384.945,384.955,384.96
1,20200720  08:55:32,384.96,384.945,384.96,384.945
1,20200720  08:55:33,384.945,384.89,384.945,384.89
1,20200720  08:55:34,384.92,384.89,384.89,384.92
1,20200720  08:55:35,384.93,384.92,384.92,384.925
1,20200720  08:55:36,384.95,384.92,384.925,384.95
1,20200720  08:55:37,384.95,384.905,384.95,384.905
1,20200720  08:55:38,384.965,384.785,384.905,384.79
1,20200720  08:55:39,384.855,384.775,384.79,384.85
1,20200720  08:55:40,384.895,384.85,384.85,384.89
1,20200720  08:55:41,384.935,384.85,384.89,384.855
1,20200720  08:55:42,384.86,384.83,384.855,384.855
1,20200720  08:55:43,384.86,384.855,384.855,384.86
1,20200720  08:55:44,384.94,384.86,384.86,384.91
1,20200720  08:55:45,384.91,384.91,384.91,384.91
1,20200720  08:55:46,384.91,384.9,384.91,384.9
1,20200720  08:55:47,384.945,384.895,384.9,384.945
1,20200720  08:55:48,384.945,384.77,384.945,384.885
1,20200720  08:55:49,384.975,384.885,384.885,384.925
1,20200720  08:55:50,384.925,384.86,384.925,384.86
1,20200720  08:55:51,384.87,384.86,384.86,384.87
1,20200720  08:55:52,384.895,384.865,384.87,384.89
1,20200720  08:55:53,384.905,384.89,384.89,384.905
1,20200720  08:55:54,384.94,384.905,384.905,384.935
1,20200720  08:55:55,384.95,384.93,384.935,384.95
1,20200720  08:55:56,384.95,384.95,384.95,384.95
1,20200720  08:55:57,384.98,384.94,384.95,384.955
1,20200720  08:55:58,384.975,384.955,384.955,384.975
1,20200720  08:55:59,384.975,384.965,384.975,384.965
1,20200720  08:56:00,385.015,384.955,384.965,385.015
1,20200720  08:56:01,385.08,385.01,385.015,385.08
1,20200720  08:56:02,385.085,385.01,385.08,385.01
1,20200720  08:56:03,385.01,384.975,385.01,384.985
1,20200720  08:56:04,385.065,384.98,384.985,385.065
1,20200720  08:56:05,385.065,385.045,385.065,385.05
1,20200720  08:56:06,385.06,385.05,385.05,385.06
1,20200720  08:56:07,385.065,385.06,385.06,385.06
1,20200720  08:56:08,385.065,385.06,385.06,385.065
1,20200720  08:56:09,385.12,385.06,385.065,385.115
1,20200720  08:56:10,385.125,385.11,385.115,385.125
1,20200720  08:56:11,385.125,385.125,385.125,385.125
1,20200720  08:56:12,385.195,385.125,385.125,385.19
1,20200720  08:56:13,385.215,385.19,385.19,385.215
1,20200720  08:56:14,385.215,385.195,385.215,385.195
1,20200720  08:56:15,385.27,385.195,385.195,385.26
1,20200720  08:56:16,385.305,385.26,385.26,385.275
1,20200720  08:56:17,385.285,385.27,385.275,385.27
1,20200720  08:56:18,385.28,385.235,385.27,385.24
1,20200720  08:56:19,385.315,385.24,385.24,385.315
1,20200720  08:56:20,385.35,385.315,385.315,385.35
1,20200720  08:56:21,385.35,385.315,385.35,385.33
1,20200720  08:56:22,385.33,385.315,385.33,385.315
1,20200720  08:56:23,385.375,385.315,385.315,385.33
1,20200720  08:56:24,385.335,385.325,385.33,385.325
1,20200720  08:56:25,385.325,385.315,385.325,385.315
1,20200720  08:56:26,385.315,385.24,385.315,385.245
1,20200720  08:56:27,385.245,385.245,385.245,385.245
1,20200720  08:56:28,385.245,385.19,385.245,385.205
1,20200720  08:56:29,385.205,385.205,385.205,385.205
1,20200720  08:56:30,385.205,385.19,385.205,385.19
1,20200720  08:56:31,385.19,385.085,385.19,385.1
1,20200720  08:56:32,385.1,385.02,385.1,385.045
1,20200720  08:56:33,385.05,384.98,385.045,385.045
1,20200720  08:56:34,385.065,385.04,385.045,385.05
1,20200720  08:56:35,385.05,384.98,385.05,385.005
1,20200720  08:56:36,385.06,384.99,385.005,385.06
1,20200720  08:56:37,385.06,384.835,385.06,384.845
1,20200720  08:56:38,384.87,384.835,384.845,384.86
1,20200720  08:56:39,384.88,384.86,384.86,384.875
1,20200720  08:56:40,384.875,384.86,384.875,384.865
1,20200720  08:56:41,384.905,384.865,384.865,384.89
1,20200720  08:56:42,384.92,384.875,384.89,384.9
1,20200720  08:56:43,384.905,384.89,384.9,384.89
1,20200720  08:56:44,384.905,384.89,384.89,384.9
1,20200720  08:56:45,384.905,384.895,384.9,384.9
1,20200720  08:56:46,384.9,384.885,384.9,384.885
1,20200720  08:56:47,384.97,384.885,384.885,384.97
1,20200720  08:56:48,384.97,384.955,384.97,384.96
1,20200720  08:56:49,385.065,384.96,384.96,385.025
1,20200720  08:56:50,385.09,385.025,385.025,385.09
1,20200720  08:56:51,385.115,385.09,385.09,385.11
1,20200720  08:56:52,385.115,385.09,385.11,385.11
1,20200720  08:56:53,385.11,385.105,385.11,385.105
1,20200720  08:56:54,385.105,385.1,385.105,385.1
1,20200720  08:56:55,385.1,385.055,385.1,385.055
1,20200720  08:56:56,385.06,385.055,385.055,385.055
1,20200720  08:56:57,385.065,385.055,385.055,385.065
1,20200720  08:56:58,385.115,385.065,385.065,385.115
1,20200720  08:56:59,385.13,385.115,385.115,385.13
1,20200720  08:57:00,385.13,385.125,385.13,385.125
1,20200720  08:57:01,385.155,385.125,385.125,385.15
1,20200720  08:57:02,385.15,385.1,385.15,385.11
1,20200720  08:57:03,385.115,385.065,385.11,385.065
1,20200720  08:57:04,385.075,385.035,385.065,385.035
1,20200720  08:57:05,385.065,384.96,385.035,384.96
1,20200720  08:57:06,384.98,384.955,384.96,384.965
1,20200720  08:57:07,384.965,384.88,384.965,384.905
1,20200720  08:57:08,384.905,384.805,384.905,384.825
1,20200720  08:57:09,384.98,384.825,384.825,384.96
1,20200720  08:57:10,384.99,384.955,384.96,384.955
1,20200720  08:57:11,384.995,384.955,384.955,384.995
1,20200720  08:57:12,385.065,384.995,384.995,385.04
1,20200720  08:57:13,385.04,384.98,385.04,385.0
1,20200720  08:57:14,385.06,385.0,385.0,385.03
1,20200720  08:57:15,385.03,384.955,385.03,384.975
1,20200720  08:57:16,385.0,384.96,384.975,384.975
1,20200720  08:57:17,384.98,384.96,384.975,384.975
1,20200720  08:57:18,385.04,384.975,384.975,385.04
1,20200720  08:57:19,385.04,384.995,385.04,385.01
1,20200720  08:57:20,385.01,384.91,385.01,384.915
1,20200720  08:57:21,384.915,384.89,384.915,384.91
1,20200720  08:57:22,384.91,384.845,384.91,384.87
1,20200720  08:57:23,384.875,384.825,384.87,384.825
1,20200720  08:57:24,384.825,384.785,384.825,384.81
1,20200720  08:57:25,384.825,384.79,384.81,384.79
1,20200720  08:57:26,384.815,384.785,384.79,384.815
1,20200720  08:57:27,384.82,384.8,384.815,384.805
1,20200720  08:57:28,384.81,384.785,384.805,384.8
1,20200720  08:57:29,384.805,384.795,384.8,384.805
1,20200720  08:57:30,384.805,384.73,384.805,384.745
1,20200720  08:57:31,384.795,384.73,384.745,384.775
1,20200720  08:57:32,384.785,384.76,384.775,384.78
1,20200720  08:57:33,384.885,384.775,384.78,384.88
1,20200720  08:57:34,385.01,384.875,384.88,384.99
1,20200720  08:57:35,385.01,384.98,384.99,384.99
1,20200720  08:57:36,384.995,384.99,384.99,384.995
1,20200720  08:57:37,385.005,384.995,384.995,385.005
1,20200720  08:57:38,385.005,384.975,385.005,384.99
1,20200720  08:57:39,384.99,384.94,384.99,384.95
1,20200720  08:57:40,384.96,384.95,384.95,384.96
1,20200720  08:57:41,384.96,384.95,384.96,384.95
1,20200720  08:57:42,384.95,384.925,384.95,384.945
1,20200720  08:57:43,385.0,384.945,384.945,384.995
1,20200720  08:57:44,385.025,384.995,384.995,385.025
1,20200720  08:57:45,385.07,385.005,385.025,385.07
1,20200720  08:57:46,385.07,385.055,385.07,385.055
1,20200720  08:57:47,385.06,385.055,385.055,385.06
1,20200720  08:57:48,385.075,385.05,385.06,385.06
1,20200720  08:57:49,385.085,385.06,385.06,385.06
1,20200720  08:57:50,385.06,384.965,385.06,384.965
1,20200720  08:57:51,384.965,384.96,384.965,384.96
1,20200720  08:57:52,384.97,384.96,384.96,384.97
1,20200720  08:57:53,384.995,384.935,384.97,384.945
1,20200720  08:57:54,384.975,384.935,384.945,384.975
1,20200720  08:57:55,385.075,384.975,384.975,385.075
1,20200720  08:57:56,385.14,385.075,385.075,385.13
1,20200720  08:57:57,385.135,385.115,385.13,385.115
1,20200720  08:57:58,385.12,384.95,385.115,384.975
1,20200720  08:57:59,384.99,384.955,384.975,384.975
1,20200720  08:58:00,385.085,384.975,384.975,385.075
1,20200720  08:58:01,385.085,385.075,385.075,385.075
1,20200720  08:58:02,385.075,385.005,385.075,385.035
1,20200720  08:58:03,385.07,385.025,385.035,385.07
1,20200720  08:58:04,385.075,385.045,385.07,385.07
1,20200720  08:58:05,385.075,385.07,385.07,385.07
1,20200720  08:58:06,385.135,385.07,385.07,385.13
1,20200720  08:58:07,385.135,385.115,385.13,385.135
1,20200720  08:58:08,385.14,385.11,385.135,385.11
1,20200720  08:58:09,385.135,385.11,385.11,385.135
1,20200720  08:58:10,385.165,385.13,385.135,385.165
1,20200720  08:58:11,385.165,385.13,385.165,385.13
1,20200720  08:58:12,385.135,385.125,385.13,385.125
1,20200720  08:58:13,385.15,385.115,385.125,385.145
1,20200720  08:58:14,385.145,385.09,385.145,385.105
1,20200720  08:58:15,385.11,385.1,385.105,385.1
1,20200720  08:58:16,385.1,385.025,385.1,385.025
1,20200720  08:58:17,385.025,384.96,385.025,384.96
1,20200720  08:58:18,384.965,384.925,384.96,384.945
1,20200720  08:58:19,385.08,384.94,384.945,385.055
1,20200720  08:58:20,385.08,385.045,385.055,385.075
1,20200720  08:58:21,385.085,385.07,385.075,385.085
1,20200720  08:58:22,385.085,385.085,385.085,385.085
1,20200720  08:58:23,385.1,384.99,385.085,385.005
1,20200720  08:58:24,385.02,385.0,385.005,385.02
1,20200720  08:58:25,385.02,384.945,385.02,384.955
1,20200720  08:58:26,384.955,384.955,384.955,384.955
1,20200720  08:58:27,385.08,384.955,384.955,385.0
1,20200720  08:58:28,385.015,384.99,385.0,385.015
1,20200720  08:58:29,385.015,385.015,385.015,385.015
1,20200720  08:58:30,385.075,385.01,385.015,385.06
1,20200720  08:58:31,385.095,385.045,385.06,385.05
1,20200720  08:58:32,385.075,385.045,385.05,385.065
1,20200720  08:58:33,385.07,385.05,385.065,385.05
1,20200720  08:58:34,385.075,385.04,385.05,385.07
1,20200720  08:58:35,385.155,385.07,385.07,385.15
1,20200720  08:58:36,385.15,385.145,385.15,385.145
1,20200720  08:58:37,385.145,385.115,385.145,385.14
1,20200720  08:58:38,385.14,385.12,385.14,385.12
1,20200720  08:58:39,385.125,385.115,385.12,385.12
1,20200720  08:58:40,385.155,385.12,385.12,385.155
1,20200720  08:58:41,385.18,385.155,385.155,385.18
1,20200720  08:58:42,385.215,385.18,385.18,385.205
1,20200720  08:58:43,385.205,385.2,385.205,385.2
1,20200720  08:58:44,385.21,385.2,385.2,385.2
1,20200720  08:58:45,385.205,385.17,385.2,385.17
1,20200720  08:58:46,385.195,385.17,385.17,385.18
1,20200720  08:58:47,385.23,385.18,385.18,385.23
1,20200720  08:58:48,385.32,385.23,385.23,385.32
1,20200720  08:58:49,385.37,385.315,385.32,385.365
1,20200720  08:58:50,385.415,385.36,385.365,385.4
1,20200720  08:58:51,385.4,385.395,385.4,385.395
1,20200720  08:58:52,385.395,385.355,385.395,385.365
1,20200720  08:58:53,385.415,385.345,385.365,385.345
1,20200720  08:58:54,385.39,385.345,385.345,385.375
1,20200720  08:58:55,385.415,385.375,385.375,385.405
1,20200720  08:58:56,385.41,385.385,385.405,385.39
1,20200720  08:58:57,385.445,385.39,385.39,385.44
1,20200720  08:58:58,385.44,385.44,385.44,385.44
1,20200720  08:58:59,385.46,385.44,385.44,385.455
1,20200720  08:59:00,385.525,385.455,385.455,385.52
1,20200720  08:59:01,385.52,385.505,385.52,385.51
1,20200720  08:59:02,385.51,385.475,385.51,385.475
1,20200720  08:59:03,385.48,385.45,385.475,385.45
1,20200720  08:59:04,385.45,385.45,385.45,385.45
1,20200720  08:59:05,385.45,385.415,385.45,385.415
1,20200720  08:59:06,385.46,385.4,385.415,385.45
1,20200720  08:59:07,385.495,385.44,385.45,385.49
1,20200720  08:59:08,385.49,385.48,385.49,385.485
1,20200720  08:59:09,385.49,385.485,385.485,385.49
1,20200720  08:59:10,385.5,385.475,385.49,385.485
1,20200720  08:59:11,385.49,385.485,385.485,385.49
1,20200720  08:59:12,385.495,385.49,385.49,385.49
1,20200720  08:59:13,385.49,385.44,385.49,385.455
1,20200720  08:59:14,385.455,385.43,385.455,385.445
1,20200720  08:59:15,385.46,385.44,385.445,385.455
1,20200720  08:59:16,385.455,385.435,385.455,385.445
1,20200720  08:59:17,385.455,385.435,385.445,385.445
1,20200720  08:59:18,385.45,385.425,385.445,385.44
1,20200720  08:59:19,385.44,385.42,385.44,385.425
1,20200720  08:59:20,385.425,385.425,385.425,385.425
1,20200720  08:59:21,385.425,385.28,385.425,385.28
1,20200720  08:59:22,385.29,385.28,385.28,385.29
1,20200720  08:59:23,385.29,385.29,385.29,385.29
1,20200720  08:59:24,385.29,385.29,385.29,385.29
1,20200720  08:59:25,385.335,385.29,385.29,385.335
1,20200720  08:59:26,385.34,385.335,385.335,385.335
1,20200720  08:59:27,385.385,385.335,385.335,385.385
1,20200720  08:59:28,385.405,385.385,385.385,385.39
1,20200720  08:59:29,385.405,385.36,385.39,385.385
1,20200720  08:59:30,385.4,385.355,385.385,385.365
1,20200720  08:59:31,385.37,385.305,385.365,385.31
1,20200720  08:59:32,385.31,385.29,385.31,385.29
1,20200720  08:59:33,385.3,385.28,385.29,385.28
1,20200720  08:59:34,385.315,385.28,385.28,385.315
1,20200720  08:59:35,385.315,385.305,385.315,385.31
1,20200720  08:59:36,385.33,385.3,385.31,385.325
1,20200720  08:59:37,385.35,385.32,385.325,385.33
1,20200720  08:59:38,385.375,385.33,385.33,385.37
1,20200720  08:59:39,385.41,385.37,385.37,385.395
1,20200720  08:59:40,385.395,385.385,385.395,385.395
1,20200720  08:59:41,385.405,385.395,385.395,385.405
1,20200720  08:59:42,385.445,385.4,385.405,385.42
1,20200720  08:59:43,385.42,385.415,385.42,385.415
1,20200720  08:59:44,385.415,385.375,385.415,385.38
1,20200720  08:59:45,385.38,385.375,385.38,385.375
1,20200720  08:59:46,385.385,385.375,385.375,385.38
1,20200720  08:59:47,385.47,385.38,385.38,385.445
1,20200720  08:59:48,385.445,385.43,385.445,385.435
1,20200720  08:59:49,385.45,385.435,385.435,385.445
1,20200720  08:59:50,385.445,385.38,385.445,385.4
1,20200720  08:59:51,385.4,385.295,385.4,385.3
1,20200720  08:59:52,385.305,385.275,385.3,385.285
1,20200720  08:59:53,385.3,385.285,385.285,385.3
1,20200720  08:59:54,385.305,385.255,385.3,385.29
1,20200720  08:59:55,385.3,385.285,385.29,385.29
1,20200720  08:59:56,385.365,385.29,385.29,385.365
1,20200720  08:59:57,385.375,385.365,385.365,385.37
1,20200720  08:59:58,385.375,385.37,385.37,385.375
1,20200720  08:59:59,385.475,385.375,385.375,385.46
1,20200720  09:00:00,385.525,385.46,385.46,385.48
1,20200720  09:00:01,385.485,385.475,385.48,385.475
1,20200720  09:00:02,385.515,385.475,385.475,385.515
1,20200720  09:00:03,385.52,385.48,385.515,385.48
1,20200720  09:00:04,385.49,385.48,385.48,385.49
1,20200720  09:00:05,385.495,385.49,385.49,385.49
1,20200720  09:00:06,385.515,385.485,385.49,385.485
1,20200720  09:00:07,385.485,385.46,385.485,385.46
1,20200720  09:00:08,385.46,385.375,385.46,385.375
1,20200720  09:00:09,385.375,385.295,385.375,385.305
1,20200720  09:00:10,385.305,385.28,385.305,385.29
1,20200720  09:00:11,385.32,385.29,385.29,385.3
1,20200720  09:00:12,385.385,385.3,385.3,385.385
1,20200720  09:00:13,385.4,385.37,385.385,385.37
1,20200720  09:00:14,385.385,385.33,385.37,385.33
1,20200720  09:00:15,385.355,385.315,385.33,385.35
1,20200720  09:00:16,385.39,385.35,385.35,385.375
1,20200720  09:00:17,385.375,385.37,385.375,385.37
1,20200720  09:00:18,385.37,385.365,385.37,385.365
1,20200720  09:00:19,385.395,385.32,385.365,385.32
1,20200720  09:00:20,385.34,385.32,385.32,385.325
1,20200720  09:00:21,385.345,385.325,385.325,385.34
1,20200720  09:00:22,385.405,385.33,385.34,385.375
1,20200720  09:00:23,385.39,385.325,385.375,385.33
1,20200720  09:00:24,385.355,385.33,385.33,385.33
1,20200720  09:00:25,385.37,385.325,385.33,385.35
1,20200720  09:00:26,385.355,385.33,385.35,385.33
1,20200720  09:00:27,385.36,385.33,385.33,385.355
1,20200720  09:00:28,385.355,385.275,385.355,385.275
1,20200720  09:00:29,385.275,385.25,385.275,385.255
1,20200720  09:00:30,385.275,385.245,385.255,385.265
1,20200720  09:00:31,385.275,385.26,385.265,385.265
1,20200720  09:00:32,385.265,385.215,385.265,385.26
1,20200720  09:00:33,385.26,385.245,385.26,385.26
1,20200720  09:00:34,385.26,385.055,385.26,385.055
1,20200720  09:00:35,385.06,385.01,385.055,385.01
1,20200720  09:00:36,385.015,384.98,385.01,384.98
1,20200720  09:00:37,385.005,384.965,384.98,384.97
1,20200720  09:00:38,384.975,384.97,384.97,384.975
1,20200720  09:00:39,385.03,384.95,384.975,385.02
1,20200720  09:00:40,385.13,385.02,385.02,385.13
1,20200720  09:00:41,385.13,385.105,385.13,385.11
1,20200720  09:00:42,385.11,385.0,385.11,385.005
1,20200720  09:00:43,385.045,384.955,385.005,385.01
1,20200720  09:00:44,385.01,384.985,385.01,384.985
1,20200720  09:00:45,385.055,384.985,384.985,385.045
1,20200720  09:00:46,385.05,385.025,385.045,385.035
1,20200720  09:00:47,385.055,385.035,385.035,385.05
1,20200720  09:00:48,385.055,385.02,385.05,385.05
1,20200720  09:00:49,385.055,385.05,385.05,385.055
1,20200720  09:00:50,385.135,385.055,385.055,385.12
1,20200720  09:00:51,385.2,385.12,385.12,385.18
1,20200720  09:00:52,385.275,385.18,385.18,385.275
1,20200720  09:00:53,385.3,385.27,385.275,385.29
1,20200720  09:00:54,385.295,385.29,385.29,385.295
1,20200720  09:00:55,385.33,385.295,385.295,385.325
1,20200720  09:00:56,385.33,385.325,385.325,385.325
1,20200720  09:00:57,385.325,385.325,385.325,385.325
1,20200720  09:00:58,385.375,385.325,385.325,385.345
1,20200720  09:00:59,385.36,385.345,385.345,385.36
1,20200720  09:01:00,385.36,385.34,385.36,385.34
1,20200720  09:01:01,385.39,385.34,385.34,385.385
1,20200720  09:01:02,385.48,385.385,385.385,385.455
1,20200720  09:01:03,385.46,385.385,385.455,385.395
1,20200720  09:01:04,385.44,385.39,385.395,385.43
1,20200720  09:01:05,385.45,385.43,385.43,385.445
1,20200720  09:01:06,385.455,385.44,385.445,385.455
1,20200720  09:01:07,385.465,385.45,385.455,385.46
1,20200720  09:01:08,385.46,385.415,385.46,385.45
1,20200720  09:01:09,385.45,385.45,385.45,385.45
1,20200720  09:01:10,385.505,385.445,385.45,385.495
1,20200720  09:01:11,385.505,385.43,385.495,385.445
1,20200720  09:01:12,385.445,385.445,385.445,385.445
1,20200720  09:01:13,385.51,385.445,385.445,385.495
1,20200720  09:01:14,385.51,385.485,385.495,385.485
1,20200720  09:01:15,385.485,385.45,385.485,385.46
1,20200720  09:01:16,385.46,385.46,385.46,385.46
1,20200720  09:01:17,385.485,385.425,385.46,385.445
1,20200720  09:01:18,385.445,385.435,385.445,385.445
1,20200720  09:01:19,385.47,385.43,385.445,385.43
1,20200720  09:01:20,385.43,385.35,385.43,385.36
1,20200720  09:01:21,385.435,385.36,385.36,385.385
1,20200720  09:01:22,385.385,385.35,385.385,385.38
1,20200720  09:01:23,385.38,385.32,385.38,385.34
1,20200720  09:01:24,385.35,385.33,385.34,385.34
1,20200720  09:01:25,385.37,385.315,385.34,385.33
1,20200720  09:01:26,385.36,385.285,385.33,385.36
1,20200720  09:01:27,385.365,385.335,385.36,385.36
1,20200720  09:01:28,385.435,385.36,385.36,385.43
1,20200720  09:01:29,385.43,385.365,385.43,385.37
1,20200720  09:01:30,385.375,385.285,385.37,385.31
1,20200720  09:01:31,385.31,385.15,385.31,385.155
1,20200720  09:01:32,385.155,385.085,385.155,385.125
1,20200720  09:01:33,385.125,385.035,385.125,385.075
1,20200720  09:01:34,385.1,385.045,385.075,385.075
1,20200720  09:01:35,385.1,385.06,385.075,385.075
1,20200720  09:01:36,385.08,385.07,385.075,385.08
1,20200720  09:01:37,385.12,385.075,385.08,385.105
1,20200720  09:01:38,385.11,385.105,385.105,385.11
1,20200720  09:01:39,385.11,384.985,385.11,385.0
1,20200720  09:01:40,385.025,384.99,385.0,385.025
1,20200720  09:01:41,385.09,385.025,385.025,385.045
1,20200720  09:01:42,385.045,384.97,385.045,384.995
1,20200720  09:01:43,385.025,384.99,384.995,385.015
1,20200720  09:01:44,385.015,384.9,385.015,384.9
1,20200720  09:01:45,384.96,384.9,384.9,384.96
1,20200720  09:01:46,384.96,384.84,384.96,384.84
1,20200720  09:01:47,384.87,384.815,384.84,384.87
1,20200720  09:01:48,384.875,384.85,384.87,384.87
1,20200720  09:01:49,384.895,384.865,384.87,384.87
1,20200720  09:01:50,384.875,384.855,384.87,384.865
1,20200720  09:01:51,384.89,384.865,384.865,384.885
1,20200720  09:01:52,384.97,384.885,384.885,384.97
1,20200720  09:01:53,384.97,384.93,384.97,384.93
1,20200720  09:01:54,384.93,384.915,384.93,384.915
1,20200720  09:01:55,384.945,384.915,384.915,384.945
1,20200720  09:01:56,384.98,384.945,384.945,384.98
1,20200720  09:01:57,385.015,384.98,384.98,385.015
1,20200720  09:01:58,385.045,385.01,385.015,385.045
1,20200720  09:01:59,385.205,385.045,385.045,385.195
1,20200720  09:02:00,385.275,385.19,385.195,385.275
1,20200720  09:02:01,385.32,385.26,385.275,385.315
1,20200720  09:02:02,385.315,385.245,385.315,385.245
1,20200720  09:02:03,385.32,385.245,385.245,385.315
1,20200720  09:02:04,385.37,385.315,385.315,385.37
1,20200720  09:02:05,385.37,385.34,385.37,385.35
1,20200720  09:02:06,385.41,385.35,385.35,385.405
1,20200720  09:02:07,385.44,385.405,385.405,385.41
1,20200720  09:02:08,385.41,385.39,385.41,385.39
1,20200720  09:02:09,385.415,385.385,385.39,385.415
1,20200720  09:02:10,385.485,385.415,385.415,385.48
1,20200720  09:02:11,385.51,385.47,385.48,385.5
1,20200720  09:02:12,385.505,385.41,385.5,385.425
1,20200720  09:02:13,385.43,385.4,385.425,385.4
1,20200720  09:02:14,385.47,385.4,385.4,385.45
1,20200720  09:02:15,385.49,385.45,385.45,385.46
1,20200720  09:02:16,385.48,385.46,385.46,385.475
1,20200720  09:02:17,385.475,385.455,385.475,385.455
1,20200720  09:02:18,385.49,385.445,385.455,385.445
1,20200720  09:02:19,385.48,385.445,385.445,385.48
1,20200720  09:02:20,385.48,385.405,385.48,385.405
1,20200720  09:02:21,385.435,385.405,385.405,385.43
1,20200720  09:02:22,385.43,385.39,385.43,385.39
1,20200720  09:02:23,385.465,385.39,385.39,385.46
1,20200720  09:02:24,385.485,385.46,385.46,385.475
1,20200720  09:02:25,385.485,385.475,385.475,385.485
1,20200720  09:02:26,385.485,385.4,385.485,385.415
1,20200720  09:02:27,385.475,385.41,385.415,385.46
1,20200720  09:02:28,385.47,385.455,385.46,385.47
1,20200720  09:02:29,385.495,385.47,385.47,385.48
1,20200720  09:02:30,385.48,385.48,385.48,385.48
1,20200720  09:02:31,385.48,385.47,385.48,385.47
1,20200720  09:02:32,385.47,385.42,385.47,385.425
1,20200720  09:02:33,385.43,385.3,385.425,385.32
1,20200720  09:02:34,385.37,385.275,385.32,385.37
1,20200720  09:02:35,385.395,385.355,385.37,385.395
1,20200720  09:02:36,385.42,385.395,385.395,385.42
1,20200720  09:02:37,385.46,385.41,385.42,385.46
1,20200720  09:02:38,385.475,385.45,385.46,385.475
1,20200720  09:02:39,385.48,385.435,385.475,385.435
1,20200720  09:02:40,385.435,385.415,385.435,385.435
1,20200720  09:02:41,385.47,385.435,385.435,385.45
1,20200720  09:02:42,385.45,385.385,385.45,385.41
1,20200720  09:02:43,385.445,385.41,385.41,385.425
1,20200720  09:02:44,385.44,385.38,385.425,385.38
1,20200720  09:02:45,385.38,385.325,385.38,385.345
1,20200720  09:02:46,385.375,385.345,385.345,385.37
1,20200720  09:02:47,385.4,385.37,385.37,385.385
1,20200720  09:02:48,385.455,385.385,385.385,385.45
1,20200720  09:02:49,385.465,385.42,385.45,385.42
1,20200720  09:02:50,385.455,385.42,385.42,385.455
1,20200720  09:02:51,385.495,385.455,385.455,385.49
1,20200720  09:02:52,385.49,385.415,385.49,385.435
1,20200720  09:02:53,385.475,385.435,385.435,385.47
1,20200720  09:02:54,385.475,385.425,385.47,385.44
1,20200720  09:02:55,385.44,385.4,385.44,385.41
1,20200720  09:02:56,385.42,385.4,385.41,385.415
1,20200720  09:02:57,385.445,385.405,385.415,385.42
1,20200720  09:02:58,385.45,385.42,385.42,385.45
1,20200720  09:02:59,385.455,385.435,385.45,385.45
1,20200720  09:03:00,385.455,385.405,385.45,385.415
1,20200720  09:03:01,385.46,385.415,385.415,385.445
1,20200720  09:03:02,385.445,385.44,385.445,385.44
1,20200720  09:03:03,385.45,385.43,385.44,385.45
1,20200720  09:03:04,385.49,385.45,385.45,385.47
1,20200720  09:03:05,385.475,385.455,385.47,385.465
1,20200720  09:03:06,385.49,385.465,385.465,385.48
1,20200720  09:03:07,385.48,385.47,385.48,385.47
1,20200720  09:03:08,385.48,385.44,385.47,385.48
1,20200720  09:03:09,385.48,385.445,385.48,385.47
1,20200720  09:03:10,385.47,385.44,385.47,385.46
1,20200720  09:03:11,385.465,385.455,385.46,385.455
1,20200720  09:03:12,385.455,385.43,385.455,385.435
1,20200720  09:03:13,385.435,385.3,385.435,385.325
1,20200720  09:03:14,385.375,385.325,385.325,385.375
1,20200720  09:03:15,385.375,385.36,385.375,385.365
1,20200720  09:03:16,385.385,385.365,385.365,385.38
1,20200720  09:03:17,385.425,385.38,385.38,385.425
1,20200720  09:03:18,385.425,385.38,385.425,385.385
1,20200720  09:03:19,385.415,385.385,385.385,385.415
1,20200720  09:03:20,385.425,385.415,385.415,385.415
1,20200720  09:03:21,385.425,385.405,385.415,385.425
1,20200720  09:03:22,385.48,385.425,385.425,385.43
1,20200720  09:03:23,385.435,385.42,385.43,385.435
1,20200720  09:03:24,385.435,385.385,385.435,385.42
1,20200720  09:03:25,385.435,385.4,385.42,385.43
1,20200720  09:03:26,385.43,385.355,385.43,385.39
1,20200720  09:03:27,385.395,385.37,385.39,385.39
1,20200720  09:03:28,385.39,385.335,385.39,385.36
1,20200720  09:03:29,385.405,385.36,385.36,385.4
1,20200720  09:03:30,385.4,385.37,385.4,385.38
1,20200720  09:03:31,385.405,385.38,385.38,385.405
1,20200720  09:03:32,385.465,385.395,385.405,385.465
1,20200720  09:03:33,385.47,385.455,385.465,385.47
1,20200720  09:03:34,385.49,385.465,385.47,385.48
1,20200720  09:03:35,385.495,385.425,385.48,385.445
1,20200720  09:03:36,385.445,385.295,385.445,385.31
1,20200720  09:03:37,385.35,385.31,385.31,385.35
1,20200720  09:03:38,385.38,385.35,385.35,385.375
1,20200720  09:03:39,385.41,385.37,385.375,385.4
1,20200720  09:03:40,385.405,385.38,385.4,385.39
1,20200720  09:03:41,385.46,385.39,385.39,385.455
1,20200720  09:03:42,385.48,385.42,385.455,385.465
1,20200720  09:03:43,385.48,385.465,385.465,385.48
1,20200720  09:03:44,385.48,385.47,385.48,385.48
1,20200720  09:03:45,385.49,385.475,385.48,385.475
1,20200720  09:03:46,385.485,385.475,385.475,385.485
1,20200720  09:03:47,385.49,385.485,385.485,385.49
1,20200720  09:03:48,385.49,385.475,385.49,385.485
1,20200720  09:03:49,385.485,385.47,385.485,385.48
1,20200720  09:03:50,385.485,385.47,385.48,385.48
1,20200720  09:03:51,385.5,385.48,385.48,385.495
1,20200720  09:03:52,385.495,385.475,385.495,385.475
1,20200720  09:03:53,385.49,385.455,385.475,385.455
1,20200720  09:03:54,385.475,385.455,385.455,385.465
1,20200720  09:03:55,385.475,385.465,385.465,385.47
1,20200720  09:03:56,385.485,385.465,385.47,385.47
1,20200720  09:03:57,385.49,385.465,385.47,385.485
1,20200720  09:03:58,385.495,385.485,385.485,385.49
1,20200720  09:03:59,385.495,385.49,385.49,385.49
1,20200720  09:04:00,385.5,385.475,385.49,385.485
1,20200720  09:04:01,385.5,385.45,385.485,385.5
1,20200720  09:04:02,385.5,385.5,385.5,385.5
1,20200720  09:04:03,385.51,385.485,385.5,385.5
1,20200720  09:04:04,385.5,385.46,385.5,385.47
1,20200720  09:04:05,385.47,385.42,385.47,385.42
1,20200720  09:04:06,385.44,385.42,385.42,385.425
1,20200720  09:04:07,385.5,385.425,385.425,385.5
1,20200720  09:04:08,385.505,385.49,385.5,385.505
1,20200720  09:04:09,385.505,385.5,385.505,385.505
1,20200720  09:04:10,385.56,385.505,385.505,385.53
1,20200720  09:04:11,385.53,385.53,385.53,385.53
1,20200720  09:04:12,385.53,385.53,385.53,385.53
1,20200720  09:04:13,385.535,385.515,385.53,385.53
1,20200720  09:04:14,385.595,385.52,385.53,385.535
1,20200720  09:04:15,385.535,385.485,385.535,385.52
1,20200720  09:04:16,385.53,385.505,385.52,385.505
1,20200720  09:04:17,385.505,385.445,385.505,385.46
1,20200720  09:04:18,385.465,385.45,385.46,385.45
1,20200720  09:04:19,385.52,385.45,385.45,385.51
1,20200720  09:04:20,385.545,385.51,385.51,385.52
1,20200720  09:04:21,385.565,385.52,385.52,385.52
1,20200720  09:04:22,385.54,385.52,385.52,385.525
1,20200720  09:04:23,385.53,385.525,385.525,385.53
1,20200720  09:04:24,385.545,385.525,385.53,385.525
1,20200720  09:04:25,385.54,385.51,385.525,385.525
1,20200720  09:04:26,385.53,385.455,385.525,385.455
1,20200720  09:04:27,385.495,385.455,385.455,385.495
1,20200720  09:04:28,385.515,385.495,385.495,385.515
1,20200720  09:04:29,385.535,385.515,385.515,385.525
1,20200720  09:04:30,385.545,385.515,385.525,385.52
1,20200720  09:04:31,385.535,385.52,385.52,385.535
1,20200720  09:04:32,385.54,385.525,385.535,385.535
1,20200720  09:04:33,385.535,385.525,385.535,385.535
1,20200720  09:04:34,385.565,385.525,385.535,385.525
1,20200720  09:04:35,385.525,385.49,385.525,385.52
1,20200720  09:04:36,385.54,385.49,385.52,385.52
1,20200720  09:04:37,385.545,385.52,385.52,385.54
1,20200720  09:04:38,385.54,385.525,385.54,385.54
1,20200720  09:04:39,385.54,385.525,385.54,385.54
1,20200720  09:04:40,385.545,385.515,385.54,385.525
1,20200720  09:04:41,385.54,385.525,385.525,385.525
1,20200720  09:04:42,385.535,385.45,385.525,385.515
1,20200720  09:04:43,385.52,385.505,385.515,385.505
1,20200720  09:04:44,385.51,385.46,385.505,385.48
1,20200720  09:04:45,385.485,385.48,385.48,385.485
1,20200720  09:04:46,385.495,385.485,385.485,385.49
1,20200720  09:04:47,385.49,385.485,385.49,385.485
1,20200720  09:04:48,385.485,385.47,385.485,385.485
1,20200720  09:04:49,385.5,385.425,385.485,385.495
1,20200720  09:04:50,385.5,385.475,385.495,385.475
1,20200720  09:04:51,385.495,385.475,385.475,385.48
1,20200720  09:04:52,385.515,385.48,385.48,385.515
1,20200720  09:04:53,385.515,385.48,385.515,385.49
1,20200720  09:04:54,385.5,385.485,385.49,385.49
