1,20200422  16:15:00,1.082275,1.081995,1.082,1.082125
1,20200422  16:16:00,1.082175,1.08209,1.082125,1.08216
1,20200422  16:17:00,1.08216,1.082135,1.08216,1.082135
1,20200422  16:18:00,1.08216,1.08212,1.082135,1.082155
1,20200422  16:19:00,1.082175,1.082135,1.082155,1.082135
1,20200422  16:20:00,1.082275,1.08213,1.082135,1.082135
1,20200422  16:21:00,1.08218,1.082135,1.082135,1.08215
1,20200422  16:22:00,1.082355,1.082145,1.08215,1.082345
1,20200422  16:23:00,1.08236,1.082325,1.082345,1.082335
1,20200422  16:24:00,1.082345,1.082325,1.082335,1.082345
1,20200422  16:25:00,1.082355,1.08233,1.082345,1.08233
1,20200422  16:26:00,1.082355,1.08233,1.08233,1.082345
1,20200422  16:27:00,1.08236,1.08232,1.082345,1.08234
1,20200422  16:28:00,1.082345,1.08234,1.08234,1.082345
1,20200422  16:29:00,1.08236,1.08234,1.082345,1.08234
1,20200422  16:30:00,1.082435,1.08232,1.08234,1.082375
1,20200422  16:31:00,1.082385,1.08237,1.082375,1.082375
1,20200422  16:32:00,1.08245,1.082355,1.082375,1.08238
1,20200422  16:33:00,1.08241,1.08237,1.08238,1.082405
1,20200422  16:34:00,1.08243,1.082395,1.082405,1.08243
1,20200422  16:35:00,1.08243,1.08243,1.08243,1.08243
1,20200422  16:36:00,1.082435,1.081995,1.08243,1.082125
1,20200422  16:37:00,1.082285,1.082125,1.082125,1.082255
1,20200422  16:38:00,1.08228,1.082085,1.082255,1.08216
1,20200422  16:39:00,1.08227,1.082145,1.08216,1.082265
1,20200422  16:40:00,1.08238,1.082245,1.08227,1.082245
1,20200422  16:41:00,1.08226,1.082235,1.082245,1.082235
1,20200422  16:42:00,1.082265,1.082235,1.082235,1.082255
1,20200422  16:43:00,1.082255,1.08225,1.082255,1.08225
1,20200422  16:44:00,1.08233,1.08225,1.08225,1.08233
1,20200422  16:45:00,1.08237,1.08209,1.08233,1.082355
1,20200422  16:46:00,1.08235,1.08235,1.08235,1.08235
1,20200422  16:47:00,1.082355,1.08234,1.08235,1.08234
1,20200422  16:48:00,1.08235,1.082335,1.08234,1.08234
1,20200422  16:49:00,1.08237,1.08234,1.08234,1.08237
1,20200422  16:50:00,1.082375,1.082325,1.08237,1.082355
1,20200422  16:51:00,1.082355,1.082335,1.082355,1.082335
1,20200422  16:52:00,1.08236,1.082335,1.082335,1.082355
1,20200422  16:53:00,1.082355,1.0823,1.082355,1.08231
1,20200422  16:54:00,1.08232,1.08231,1.08231,1.082315
1,20200422  16:55:00,1.082325,1.082315,1.082315,1.08232
1,20200422  16:56:00,1.082335,1.08232,1.08232,1.08233
1,20200422  16:57:00,1.082335,1.082325,1.08233,1.08233
1,20200422  16:58:00,1.082335,1.082325,1.08233,1.082325
1,20200422  16:59:00,1.08233,1.08227,1.082325,1.082275
1,20200422  17:00:00,1.082385,1.08225,1.082275,1.08229
1,20200422  17:01:00,1.082395,1.082265,1.08229,1.082355
1,20200422  17:02:00,1.082385,1.0823,1.082355,1.0823
1,20200422  17:03:00,1.082345,1.08229,1.0823,1.08229
1,20200422  17:04:00,1.08229,1.082255,1.08229,1.082285
1,20200422  17:05:00,1.082285,1.082255,1.082285,1.082255
1,20200422  17:06:00,1.082325,1.082255,1.082255,1.08232
1,20200422  17:07:00,1.082325,1.082295,1.08232,1.082305
1,20200422  17:08:00,1.08233,1.0823,1.082305,1.082305
1,20200422  17:09:00,1.08231,1.082285,1.082305,1.082285
1,20200422  17:10:00,1.082405,1.082285,1.082285,1.082405
1,20200422  17:11:00,1.08242,1.08235,1.082405,1.08235
1,20200422  17:12:00,1.08235,1.08231,1.08235,1.08231
1,20200422  17:13:00,1.08231,1.082225,1.08231,1.08223
1,20200422  17:14:00,1.082285,1.08222,1.08223,1.08222
1,20200422  17:15:00,1.082225,1.08214,1.082225,1.08214
1,20200422  17:16:00,1.08215,1.08209,1.08214,1.08213
1,20200422  17:17:00,1.08218,1.082115,1.08213,1.08213
1,20200422  17:18:00,1.08213,1.08208,1.08213,1.08209
1,20200422  17:19:00,1.0821,1.082075,1.08209,1.08208
1,20200422  17:20:00,1.08212,1.08207,1.08208,1.08212
1,20200422  17:21:00,1.08212,1.082115,1.08212,1.08212
1,20200422  17:22:00,1.08212,1.08211,1.08212,1.08212
1,20200422  17:23:00,1.08212,1.08211,1.08212,1.08212
1,20200422  17:24:00,1.08212,1.08212,1.08212,1.08212
1,20200422  17:25:00,1.08216,1.082105,1.08212,1.08215
1,20200422  17:26:00,1.082175,1.08215,1.08215,1.08215
1,20200422  17:27:00,1.082175,1.08215,1.08215,1.082165
1,20200422  17:28:00,1.08228,1.08215,1.082165,1.082265
1,20200422  17:29:00,1.082275,1.082255,1.082265,1.08226
1,20200422  17:30:00,1.082275,1.08221,1.08226,1.08221
1,20200422  17:31:00,1.08233,1.08221,1.08221,1.082305
1,20200422  17:32:00,1.08232,1.082295,1.082305,1.0823
1,20200422  17:33:00,1.08232,1.08229,1.0823,1.0823
1,20200422  17:34:00,1.0823,1.082215,1.0823,1.082235
1,20200422  17:35:00,1.082235,1.08221,1.082235,1.08222
1,20200422  17:36:00,1.08225,1.08222,1.08222,1.08224
1,20200422  17:37:00,1.08225,1.082215,1.08224,1.082225
1,20200422  17:38:00,1.082225,1.08209,1.082225,1.08209
1,20200422  17:39:00,1.082155,1.08209,1.08209,1.082135
1,20200422  17:40:00,1.0822,1.082135,1.08214,1.082175
1,20200422  17:41:00,1.08218,1.082175,1.082175,1.082175
1,20200422  17:42:00,1.082235,1.082175,1.082175,1.082225
1,20200422  17:43:00,1.08224,1.08222,1.082225,1.082235
1,20200422  17:44:00,1.08224,1.0822,1.082235,1.082205
1,20200422  17:45:00,1.08226,1.082195,1.082205,1.082255
1,20200422  17:46:00,1.082265,1.082255,1.082255,1.08226
1,20200422  17:47:00,1.082435,1.08226,1.08226,1.0824
1,20200422  17:48:00,1.08243,1.082365,1.0824,1.08238
1,20200422  17:49:00,1.08238,1.082285,1.08238,1.08229
1,20200422  17:50:00,1.082345,1.08228,1.08229,1.082335
1,20200422  17:51:00,1.082335,1.08227,1.082335,1.08229
1,20200422  17:52:00,1.082305,1.08226,1.08229,1.08226
1,20200422  17:53:00,1.082335,1.08224,1.08226,1.0823
1,20200422  17:54:00,1.082335,1.082295,1.0823,1.082295
1,20200422  17:55:00,1.08232,1.08229,1.082295,1.082295
1,20200422  17:56:00,1.082305,1.082295,1.082295,1.082305
1,20200422  17:57:00,1.082305,1.082305,1.082305,1.082305
1,20200422  17:58:00,1.082305,1.0823,1.082305,1.082305
1,20200422  17:59:00,1.08238,1.082295,1.082305,1.082315
1,20200422  18:00:00,1.082335,1.082225,1.082315,1.082265
1,20200422  18:01:00,1.08228,1.082225,1.082265,1.08226
1,20200422  18:02:00,1.082265,1.082255,1.08226,1.082265
1,20200422  18:03:00,1.082275,1.082245,1.082265,1.082245
1,20200422  18:04:00,1.082255,1.082125,1.082245,1.082125
1,20200422  18:05:00,1.082125,1.082025,1.082125,1.082025
1,20200422  18:06:00,1.082055,1.08198,1.082025,1.082005
1,20200422  18:07:00,1.0821,1.081995,1.082005,1.08205
1,20200422  18:08:00,1.08206,1.082025,1.08205,1.082045
1,20200422  18:09:00,1.08211,1.08204,1.082045,1.0821
1,20200422  18:10:00,1.082105,1.08206,1.0821,1.082065
1,20200422  18:11:00,1.082065,1.082035,1.082065,1.082035
1,20200422  18:12:00,1.082045,1.08203,1.082035,1.08203
1,20200422  18:13:00,1.082035,1.08203,1.08203,1.082035
1,20200422  18:14:00,1.082035,1.081975,1.082035,1.08198
1,20200422  18:15:00,1.08199,1.08196,1.08198,1.08199
1,20200422  18:16:00,1.08199,1.081985,1.08199,1.081985
1,20200422  18:17:00,1.08199,1.08197,1.081985,1.08197
1,20200422  18:18:00,1.08199,1.08197,1.08197,1.081985
1,20200422  18:19:00,1.082005,1.081985,1.081985,1.082005
1,20200422  18:20:00,1.08203,1.081985,1.082005,1.08203
1,20200422  18:21:00,1.082075,1.08203,1.08203,1.082055
1,20200422  18:22:00,1.082055,1.082045,1.08205,1.082045
1,20200422  18:23:00,1.082045,1.081995,1.082045,1.082005
1,20200422  18:24:00,1.082005,1.082,1.082005,1.082005
1,20200422  18:25:00,1.082015,1.081925,1.082005,1.081925
1,20200422  18:26:00,1.081945,1.08187,1.081925,1.081895
1,20200422  18:27:00,1.081915,1.08185,1.081895,1.081855
1,20200422  18:28:00,1.08193,1.081795,1.081855,1.08191
1,20200422  18:29:00,1.081945,1.081885,1.08191,1.081945
1,20200422  18:30:00,1.081945,1.081865,1.081945,1.08189
1,20200422  18:31:00,1.081945,1.0817,1.08189,1.08173
1,20200422  18:32:00,1.081735,1.08159,1.08173,1.0816
1,20200422  18:33:00,1.081605,1.081565,1.0816,1.081595
1,20200422  18:34:00,1.081645,1.081595,1.081595,1.08163
1,20200422  18:35:00,1.08163,1.08152,1.08163,1.081545
1,20200422  18:36:00,1.081545,1.081445,1.081545,1.08145
1,20200422  18:37:00,1.081475,1.081195,1.08145,1.08128
1,20200422  18:38:00,1.08133,1.081245,1.08128,1.08131
1,20200422  18:39:00,1.081335,1.08129,1.08131,1.081295
1,20200422  18:40:00,1.081295,1.08106,1.081295,1.081275
1,20200422  18:41:00,1.08129,1.081145,1.081275,1.081205
1,20200422  18:42:00,1.08129,1.081075,1.081205,1.08111
1,20200422  18:43:00,1.081115,1.081075,1.08111,1.081085
1,20200422  18:44:00,1.08109,1.080955,1.081085,1.081015
1,20200422  18:45:00,1.081015,1.08094,1.081015,1.08099
1,20200422  18:46:00,1.081055,1.08091,1.08099,1.08097
1,20200422  18:47:00,1.08098,1.080945,1.08097,1.080945
1,20200422  18:48:00,1.08096,1.08094,1.080945,1.080945
1,20200422  18:49:00,1.08112,1.080945,1.080945,1.080985
1,20200422  18:50:00,1.081005,1.080885,1.080985,1.080885
1,20200422  18:51:00,1.080895,1.08073,1.080885,1.08078
1,20200422  18:52:00,1.080845,1.080595,1.08078,1.080605
1,20200422  18:53:00,1.080785,1.080575,1.080605,1.080715
1,20200422  18:54:00,1.080745,1.080675,1.080715,1.08071
1,20200422  18:55:00,1.080715,1.080685,1.08071,1.080705
1,20200422  18:56:00,1.08072,1.08069,1.080705,1.080715
1,20200422  18:57:00,1.080805,1.080625,1.080715,1.080635
1,20200422  18:58:00,1.080655,1.080625,1.080635,1.08064
1,20200422  18:59:00,1.08064,1.080595,1.08064,1.08063
1,20200422  19:00:00,1.080715,1.08058,1.08063,1.080715
1,20200422  19:01:00,1.08073,1.080695,1.080715,1.08071
1,20200422  19:02:00,1.08086,1.08068,1.08071,1.080815
1,20200422  19:03:00,1.080935,1.0808,1.080815,1.080915
1,20200422  19:04:00,1.081065,1.0809,1.080915,1.08106
1,20200422  19:05:00,1.081075,1.080925,1.08106,1.08098
1,20200422  19:06:00,1.081105,1.08098,1.08098,1.08108
1,20200422  19:07:00,1.08118,1.081065,1.08108,1.081135
1,20200422  19:08:00,1.081165,1.081075,1.081135,1.08111
1,20200422  19:09:00,1.081165,1.08107,1.08111,1.081125
1,20200422  19:10:00,1.081155,1.081085,1.081125,1.081105
1,20200422  19:11:00,1.08114,1.08108,1.081105,1.0811
1,20200422  19:12:00,1.08116,1.081095,1.0811,1.08114
1,20200422  19:13:00,1.081175,1.081115,1.08114,1.081175
1,20200422  19:14:00,1.081195,1.081145,1.081175,1.08115
1,20200422  19:15:00,1.08115,1.080885,1.08115,1.080915
1,20200422  19:16:00,1.08103,1.080835,1.080915,1.081015
1,20200422  19:17:00,1.081025,1.080835,1.081015,1.080835
1,20200422  19:18:00,1.080965,1.08082,1.080835,1.08096
1,20200422  19:19:00,1.080975,1.080845,1.08096,1.0809
1,20200422  19:20:00,1.0809,1.08084,1.0809,1.08085
1,20200422  19:21:00,1.080855,1.080765,1.08085,1.080805
1,20200422  19:22:00,1.080825,1.080515,1.080805,1.080515
1,20200422  19:23:00,1.08061,1.08047,1.080515,1.080575
1,20200422  19:24:00,1.080725,1.080565,1.080575,1.08072
1,20200422  19:25:00,1.08072,1.080685,1.08072,1.08072
1,20200422  19:26:00,1.08081,1.08069,1.08072,1.080805
1,20200422  19:27:00,1.08086,1.080715,1.080805,1.080845
1,20200422  19:28:00,1.080875,1.080745,1.080845,1.080745
1,20200422  19:29:00,1.08096,1.080715,1.080745,1.08091
1,20200422  19:30:00,1.08091,1.080815,1.08091,1.08086
1,20200422  19:31:00,1.080915,1.080835,1.08086,1.08084
1,20200422  19:32:00,1.081015,1.08084,1.08084,1.08101
1,20200422  19:33:00,1.08104,1.080975,1.08101,1.08103
1,20200422  19:34:00,1.081135,1.081025,1.08103,1.08106
1,20200422  19:35:00,1.08114,1.08106,1.08106,1.0811
1,20200422  19:36:00,1.081205,1.0811,1.0811,1.081205
1,20200422  19:37:00,1.08127,1.08117,1.081205,1.081255
1,20200422  19:38:00,1.08136,1.08124,1.081255,1.081355
1,20200422  19:39:00,1.081385,1.081315,1.081355,1.08135
1,20200422  19:40:00,1.081415,1.08131,1.08135,1.081355
1,20200422  19:41:00,1.081375,1.08129,1.081355,1.081345
1,20200422  19:42:00,1.081345,1.08128,1.081345,1.0813
1,20200422  19:43:00,1.08132,1.081225,1.0813,1.081305
1,20200422  19:44:00,1.08142,1.081305,1.081305,1.08141
1,20200422  19:45:00,1.081415,1.081195,1.08141,1.081195
1,20200422  19:46:00,1.08129,1.081175,1.081195,1.081205
1,20200422  19:47:00,1.08127,1.081205,1.081205,1.081245
1,20200422  19:48:00,1.081295,1.08112,1.081245,1.08127
1,20200422  19:49:00,1.081275,1.08115,1.08127,1.08116
1,20200422  19:50:00,1.08116,1.08104,1.08116,1.08106
1,20200422  19:51:00,1.081135,1.08106,1.08106,1.08112
1,20200422  19:52:00,1.08123,1.08106,1.08112,1.081195
1,20200422  19:53:00,1.081225,1.08115,1.081195,1.081155
1,20200422  19:54:00,1.08116,1.08066,1.081155,1.080665
1,20200422  19:55:00,1.08097,1.080665,1.080665,1.08095
1,20200422  19:56:00,1.08117,1.08095,1.08095,1.081125
1,20200422  19:57:00,1.081195,1.081115,1.081125,1.081125
1,20200422  19:58:00,1.08121,1.081115,1.081125,1.08117
1,20200422  19:59:00,1.081185,1.08115,1.08117,1.08115
1,20200422  20:00:00,1.081155,1.08112,1.08115,1.08113
1,20200422  20:01:00,1.081355,1.081115,1.08113,1.08134
1,20200422  20:02:00,1.081345,1.08131,1.081345,1.08132
1,20200422  20:03:00,1.08136,1.08131,1.08132,1.081355
1,20200422  20:04:00,1.08141,1.08131,1.081355,1.08139
1,20200422  20:05:00,1.081455,1.081345,1.08139,1.08143
1,20200422  20:06:00,1.081445,1.08137,1.081435,1.081405
1,20200422  20:07:00,1.081415,1.081375,1.081405,1.081405
1,20200422  20:08:00,1.08146,1.081405,1.081405,1.08146
1,20200422  20:09:00,1.08146,1.081445,1.08146,1.081455
1,20200422  20:10:00,1.08146,1.081355,1.081455,1.081405
1,20200422  20:11:00,1.08144,1.081345,1.081405,1.081415
1,20200422  20:12:00,1.081415,1.08139,1.081415,1.08139
1,20200422  20:13:00,1.08146,1.08139,1.08139,1.08141
1,20200422  20:14:00,1.081445,1.081405,1.08141,1.08143
1,20200422  20:15:00,1.08146,1.081405,1.08143,1.081425
1,20200422  20:16:00,1.081475,1.081425,1.081425,1.08145
1,20200422  20:17:00,1.08164,1.08145,1.08145,1.081605
1,20200422  20:18:00,1.081715,1.081605,1.081605,1.08168
1,20200422  20:19:00,1.08168,1.081455,1.08168,1.081495
1,20200422  20:20:00,1.08165,1.08148,1.081495,1.081625
1,20200422  20:21:00,1.08174,1.08158,1.081625,1.081725
1,20200422  20:22:00,1.08175,1.081695,1.081725,1.0817
1,20200422  20:23:00,1.081705,1.0816,1.0817,1.08161
1,20200422  20:24:00,1.08172,1.08159,1.08161,1.08171
1,20200422  20:25:00,1.081715,1.08169,1.08171,1.081695
1,20200422  20:26:00,1.08177,1.08169,1.081695,1.08172
1,20200422  20:27:00,1.08181,1.08172,1.08172,1.08181
1,20200422  20:28:00,1.081815,1.081715,1.08181,1.081715
1,20200422  20:29:00,1.081725,1.08159,1.081715,1.08168
1,20200422  20:30:00,1.081725,1.08168,1.08168,1.08169
1,20200422  20:31:00,1.081775,1.081655,1.08169,1.081775
1,20200422  20:32:00,1.08186,1.081775,1.081775,1.081795
1,20200422  20:33:00,1.0818,1.081685,1.081795,1.081735
1,20200422  20:34:00,1.08174,1.08168,1.081735,1.0817
1,20200422  20:35:00,1.081725,1.0817,1.0817,1.081715
1,20200422  20:36:00,1.08187,1.08171,1.081715,1.081845
1,20200422  20:37:00,1.08205,1.081825,1.081845,1.082045
1,20200422  20:38:00,1.08215,1.081995,1.082045,1.082145
1,20200422  20:39:00,1.082205,1.081945,1.082145,1.08205
1,20200422  20:40:00,1.0821,1.081775,1.08205,1.08182
1,20200422  20:41:00,1.081885,1.081785,1.08182,1.081865
1,20200422  20:42:00,1.081905,1.081815,1.081865,1.081855
1,20200422  20:43:00,1.0819,1.081825,1.081855,1.08186
1,20200422  20:44:00,1.08186,1.081795,1.08186,1.081845
1,20200422  20:45:00,1.081985,1.081805,1.081845,1.081985
1,20200422  20:46:00,1.082015,1.081925,1.081985,1.082
1,20200422  20:47:00,1.08203,1.08194,1.082,1.082005
1,20200422  20:48:00,1.082005,1.08173,1.082005,1.08174
1,20200422  20:49:00,1.081925,1.08174,1.08174,1.08192
1,20200422  20:50:00,1.08196,1.081915,1.08192,1.081925
1,20200422  20:51:00,1.081985,1.081915,1.081925,1.081915
1,20200422  20:52:00,1.08195,1.081795,1.081915,1.081865
1,20200422  20:53:00,1.081955,1.081765,1.081865,1.081795
1,20200422  20:54:00,1.081845,1.081745,1.081795,1.081745
1,20200422  20:55:00,1.081755,1.0816,1.081745,1.081615
1,20200422  20:56:00,1.081735,1.081605,1.081615,1.08168
1,20200422  20:57:00,1.08183,1.081655,1.08168,1.08178
1,20200422  20:58:00,1.081865,1.081775,1.08178,1.08184
1,20200422  20:59:00,1.081885,1.081785,1.08184,1.081805
1,20200422  21:00:00,1.08183,1.081625,1.081805,1.081655
1,20200422  21:01:00,1.08171,1.08161,1.081655,1.08168
1,20200422  21:02:00,1.08169,1.08162,1.08168,1.081625
1,20200422  21:03:00,1.081625,1.081505,1.081625,1.081545
1,20200422  21:04:00,1.08165,1.08154,1.081545,1.081595
1,20200422  21:05:00,1.081665,1.08158,1.081595,1.08166
1,20200422  21:06:00,1.081675,1.081575,1.08166,1.081585
1,20200422  21:07:00,1.08164,1.081505,1.081585,1.081635
1,20200422  21:08:00,1.081665,1.081585,1.081635,1.08161
1,20200422  21:09:00,1.081645,1.0816,1.08161,1.081635
1,20200422  21:10:00,1.081685,1.081635,1.081635,1.081665
1,20200422  21:11:00,1.08167,1.0816,1.081665,1.081605
1,20200422  21:12:00,1.081635,1.08154,1.081605,1.081555
1,20200422  21:13:00,1.08159,1.081425,1.081555,1.08151
1,20200422  21:14:00,1.081635,1.081505,1.08151,1.081595
1,20200422  21:15:00,1.081605,1.081425,1.081595,1.081455
1,20200422  21:16:00,1.081505,1.081455,1.081455,1.0815
1,20200422  21:17:00,1.081515,1.081415,1.0815,1.0815
1,20200422  21:18:00,1.0815,1.081435,1.0815,1.08146
1,20200422  21:19:00,1.081465,1.081285,1.08146,1.08132
1,20200422  21:20:00,1.08132,1.081205,1.08132,1.081205
1,20200422  21:21:00,1.081265,1.081205,1.081205,1.08126
1,20200422  21:22:00,1.08126,1.081205,1.08126,1.081235
1,20200422  21:23:00,1.081285,1.081225,1.081235,1.081235
1,20200422  21:24:00,1.081245,1.081205,1.081235,1.08124
1,20200422  21:25:00,1.08124,1.081205,1.08124,1.081205
1,20200422  21:26:00,1.081235,1.081005,1.081205,1.081035
1,20200422  21:27:00,1.08106,1.080905,1.081035,1.080915
1,20200422  21:28:00,1.08098,1.08085,1.080915,1.08085
1,20200422  21:29:00,1.080925,1.080845,1.08085,1.080925
1,20200422  21:30:00,1.081005,1.08089,1.080925,1.080995
1,20200422  21:31:00,1.081065,1.08099,1.080995,1.081045
1,20200422  21:32:00,1.08105,1.080935,1.081045,1.08105
1,20200422  21:33:00,1.081055,1.080985,1.08105,1.080985
1,20200422  21:34:00,1.081125,1.080955,1.080985,1.081115
1,20200422  21:35:00,1.08121,1.081115,1.081115,1.08121
1,20200422  21:36:00,1.08124,1.081195,1.08121,1.08123
1,20200422  21:37:00,1.081315,1.08122,1.08123,1.081235
1,20200422  21:38:00,1.08128,1.081205,1.081235,1.08128
1,20200422  21:39:00,1.0813,1.08124,1.08128,1.08128
1,20200422  21:40:00,1.08128,1.08119,1.08128,1.08119
1,20200422  21:41:00,1.08119,1.08096,1.08119,1.08103
1,20200422  21:42:00,1.081065,1.080975,1.08103,1.081035
1,20200422  21:43:00,1.081185,1.081025,1.081035,1.08117
1,20200422  21:44:00,1.08117,1.08093,1.08117,1.080935
1,20200422  21:45:00,1.081005,1.080845,1.080935,1.081
1,20200422  21:46:00,1.081,1.08092,1.081,1.08093
1,20200422  21:47:00,1.081005,1.08093,1.08093,1.081005
1,20200422  21:48:00,1.08101,1.080945,1.081005,1.080945
1,20200422  21:49:00,1.08105,1.080935,1.080945,1.081045
1,20200422  21:50:00,1.081125,1.081045,1.081045,1.081105
1,20200422  21:51:00,1.081155,1.081075,1.081105,1.08115
1,20200422  21:52:00,1.081155,1.081105,1.08115,1.08115
1,20200422  21:53:00,1.081195,1.08114,1.08115,1.081155
1,20200422  21:54:00,1.0812,1.081155,1.081155,1.081185
1,20200422  21:55:00,1.081195,1.0811,1.081185,1.081105
1,20200422  21:56:00,1.081185,1.081095,1.081105,1.081185
1,20200422  21:57:00,1.081195,1.081135,1.081185,1.081185
1,20200422  21:58:00,1.08119,1.081105,1.081185,1.081125
1,20200422  21:59:00,1.08116,1.081085,1.081125,1.08115
1,20200422  22:00:00,1.08117,1.08111,1.08115,1.081125
1,20200422  22:01:00,1.081165,1.081105,1.081125,1.08116
1,20200422  22:02:00,1.08116,1.081035,1.08116,1.081095
1,20200422  22:03:00,1.081105,1.080985,1.081095,1.080985
1,20200422  22:04:00,1.080995,1.0809,1.080985,1.080925
1,20200422  22:05:00,1.080945,1.0809,1.080925,1.080925
1,20200422  22:06:00,1.08102,1.080925,1.080925,1.080945
1,20200422  22:07:00,1.081055,1.080945,1.080945,1.081055
1,20200422  22:08:00,1.081055,1.08095,1.081055,1.08095
1,20200422  22:09:00,1.08095,1.08094,1.08095,1.080945
1,20200422  22:10:00,1.080945,1.08082,1.080945,1.08084
1,20200422  22:11:00,1.08093,1.080835,1.08084,1.08093
1,20200422  22:12:00,1.08093,1.080895,1.08093,1.080925
1,20200422  22:13:00,1.080985,1.080895,1.080925,1.080985
1,20200422  22:14:00,1.080985,1.080935,1.080985,1.08095
1,20200422  22:15:00,1.08096,1.080905,1.08095,1.08092
1,20200422  22:16:00,1.080975,1.08092,1.08092,1.080975
1,20200422  22:17:00,1.081065,1.080965,1.080975,1.081035
1,20200422  22:18:00,1.081055,1.081025,1.081035,1.081055
1,20200422  22:19:00,1.08109,1.08104,1.081055,1.08104
1,20200422  22:20:00,1.08106,1.080985,1.08104,1.081005
1,20200422  22:21:00,1.081105,1.081005,1.081005,1.0811
1,20200422  22:22:00,1.0811,1.080995,1.0811,1.08103
1,20200422  22:23:00,1.08103,1.080975,1.08103,1.081005
1,20200422  22:24:00,1.081065,1.08098,1.081005,1.08106
1,20200422  22:25:00,1.08109,1.08106,1.08106,1.08106
1,20200422  22:26:00,1.08107,1.08099,1.08106,1.081055
1,20200422  22:27:00,1.08107,1.081045,1.081055,1.08107
1,20200422  22:28:00,1.081155,1.08107,1.08107,1.081125
1,20200422  22:29:00,1.081205,1.081125,1.081125,1.08115
1,20200422  22:30:00,1.081155,1.081115,1.08115,1.081125
1,20200422  22:31:00,1.08116,1.081125,1.081125,1.081145
1,20200422  22:32:00,1.08117,1.0811,1.081145,1.08112
1,20200422  22:33:00,1.081135,1.081105,1.08112,1.081115
1,20200422  22:34:00,1.08112,1.08107,1.081115,1.08107
1,20200422  22:35:00,1.08107,1.081005,1.08107,1.08101
1,20200422  22:36:00,1.081025,1.080955,1.08101,1.080965
1,20200422  22:37:00,1.080995,1.08096,1.080965,1.08098
1,20200422  22:38:00,1.08098,1.08098,1.08098,1.08098
1,20200422  22:39:00,1.08103,1.08098,1.08098,1.08101
1,20200422  22:40:00,1.08101,1.080985,1.08101,1.080985
1,20200422  22:41:00,1.081015,1.080975,1.080985,1.081015
1,20200422  22:42:00,1.08114,1.08099,1.081015,1.08113
1,20200422  22:43:00,1.08115,1.081045,1.08113,1.081065
1,20200422  22:44:00,1.081095,1.081035,1.081065,1.081045
1,20200422  22:45:00,1.08105,1.081035,1.081045,1.081035
1,20200422  22:46:00,1.08105,1.08092,1.081035,1.080945
1,20200422  22:47:00,1.080945,1.08084,1.080945,1.080855
1,20200422  22:48:00,1.080965,1.08085,1.080855,1.080945
1,20200422  22:49:00,1.08095,1.08089,1.080945,1.080895
1,20200422  22:50:00,1.080895,1.08089,1.080895,1.080895
1,20200422  22:51:00,1.080935,1.080895,1.080895,1.08091
1,20200422  22:52:00,1.08091,1.08081,1.08091,1.080815
1,20200422  22:53:00,1.080875,1.08081,1.080815,1.08087
1,20200422  22:54:00,1.080905,1.080865,1.08087,1.080885
1,20200422  22:55:00,1.0809,1.080855,1.080885,1.080855
1,20200422  22:56:00,1.080875,1.080855,1.080855,1.08087
1,20200422  22:57:00,1.08098,1.08082,1.08087,1.080975
1,20200422  22:58:00,1.08098,1.08096,1.080975,1.08097
1,20200422  22:59:00,1.080975,1.080935,1.08097,1.080935
1,20200422  23:00:00,1.080995,1.08089,1.080935,1.08098
1,20200422  23:01:00,1.08101,1.080965,1.08098,1.08099
1,20200422  23:02:00,1.08102,1.080985,1.08099,1.081005
1,20200422  23:03:00,1.081005,1.08089,1.081005,1.08092
1,20200422  23:04:00,1.08094,1.08092,1.08092,1.080935
1,20200422  23:05:00,1.08096,1.080925,1.080935,1.080955
1,20200422  23:06:00,1.081015,1.080955,1.080955,1.080995
1,20200422  23:07:00,1.08105,1.08099,1.080995,1.081005
1,20200422  23:08:00,1.081025,1.08098,1.081005,1.081
1,20200422  23:09:00,1.081005,1.080985,1.081,1.081
1,20200422  23:10:00,1.081205,1.080985,1.081,1.081195
1,20200422  23:11:00,1.0812,1.081195,1.081195,1.081195
1,20200422  23:12:00,1.081205,1.081155,1.081195,1.08119
1,20200422  23:13:00,1.081245,1.08119,1.08119,1.08124
1,20200422  23:14:00,1.08132,1.08124,1.08124,1.081305
1,20200422  23:15:00,1.081375,1.08126,1.081305,1.081365
1,20200422  23:16:00,1.0814,1.08132,1.081365,1.081395
1,20200422  23:17:00,1.0814,1.081365,1.081395,1.081385
1,20200422  23:18:00,1.081385,1.081305,1.081385,1.081335
1,20200422  23:19:00,1.081335,1.081325,1.081335,1.08133
1,20200422  23:20:00,1.081375,1.081285,1.08133,1.08132
1,20200422  23:21:00,1.081365,1.08132,1.08132,1.081325
1,20200422  23:22:00,1.081335,1.081285,1.081325,1.081325
1,20200422  23:23:00,1.08135,1.081275,1.081325,1.0813
1,20200422  23:24:00,1.081325,1.081285,1.0813,1.081305
1,20200422  23:25:00,1.08132,1.08129,1.081305,1.081305
1,20200422  23:26:00,1.081355,1.081305,1.081305,1.081335
1,20200422  23:27:00,1.081355,1.0813,1.081335,1.0813
1,20200422  23:28:00,1.08133,1.08128,1.0813,1.081295
1,20200422  23:29:00,1.081365,1.08129,1.081295,1.08134
1,20200422  23:30:00,1.081355,1.081285,1.08134,1.0813
1,20200422  23:31:00,1.081325,1.081295,1.0813,1.081305
1,20200422  23:32:00,1.08132,1.0813,1.081305,1.081315
1,20200422  23:33:00,1.08132,1.081295,1.081315,1.081295
1,20200422  23:34:00,1.08132,1.081295,1.081295,1.08132
1,20200422  23:35:00,1.08144,1.08131,1.08132,1.08138
1,20200422  23:36:00,1.0814,1.081355,1.08138,1.081355
1,20200422  23:37:00,1.0814,1.081325,1.081355,1.081345
1,20200422  23:38:00,1.081405,1.081325,1.081345,1.081405
1,20200422  23:39:00,1.08146,1.08137,1.081405,1.08146
1,20200422  23:40:00,1.08155,1.08143,1.08146,1.081505
1,20200422  23:41:00,1.081545,1.081505,1.081505,1.081545
1,20200422  23:42:00,1.081545,1.0815,1.081545,1.0815
1,20200422  23:43:00,1.081595,1.081465,1.0815,1.08156
1,20200422  23:44:00,1.08156,1.0815,1.08156,1.081545
1,20200422  23:45:00,1.08163,1.081525,1.081545,1.08161
1,20200422  23:46:00,1.081645,1.08159,1.08161,1.08163
1,20200422  23:47:00,1.081645,1.08157,1.08163,1.081635
1,20200422  23:48:00,1.081665,1.0816,1.081635,1.081605
1,20200422  23:49:00,1.08162,1.081595,1.081605,1.0816
1,20200422  23:50:00,1.08162,1.08159,1.0816,1.081605
1,20200422  23:51:00,1.081605,1.081535,1.081605,1.08155
1,20200422  23:52:00,1.08155,1.081475,1.08155,1.081475
1,20200422  23:53:00,1.0815,1.081425,1.081475,1.08145
1,20200422  23:54:00,1.081495,1.08145,1.08145,1.08148
1,20200422  23:55:00,1.08151,1.08148,1.08148,1.0815
1,20200422  23:56:00,1.08162,1.0815,1.0815,1.08162
1,20200422  23:57:00,1.08163,1.08157,1.08162,1.081625
1,20200422  23:58:00,1.08164,1.0816,1.081625,1.081605
1,20200422  23:59:00,1.08161,1.08155,1.081605,1.08156
1,20200423  00:00:00,1.081715,1.08156,1.08156,1.08169
1,20200423  00:01:00,1.08173,1.081685,1.08169,1.081715
1,20200423  00:02:00,1.081795,1.08169,1.081715,1.08178
1,20200423  00:03:00,1.081925,1.08178,1.08178,1.081885
1,20200423  00:04:00,1.0824,1.081885,1.081885,1.082185
1,20200423  00:05:00,1.08235,1.082155,1.082185,1.082185
1,20200423  00:06:00,1.082695,1.082155,1.082185,1.0824
1,20200423  00:07:00,1.082605,1.082395,1.0824,1.0825
1,20200423  00:08:00,1.08262,1.082455,1.0825,1.08249
1,20200423  00:09:00,1.08253,1.08241,1.08249,1.082425
1,20200423  00:10:00,1.08247,1.082385,1.082425,1.082385
1,20200423  00:11:00,1.082395,1.08229,1.082385,1.0823
1,20200423  00:12:00,1.082545,1.082255,1.0823,1.08254
1,20200423  00:13:00,1.082755,1.08254,1.08254,1.08274
1,20200423  00:14:00,1.082895,1.08271,1.08274,1.08285
1,20200423  00:15:00,1.08287,1.08277,1.08285,1.082785
1,20200423  00:16:00,1.082845,1.08266,1.082785,1.082845
1,20200423  00:17:00,1.08285,1.08265,1.082845,1.082715
1,20200423  00:18:00,1.082825,1.08265,1.082715,1.08282
1,20200423  00:19:00,1.082875,1.08278,1.08282,1.08284
1,20200423  00:20:00,1.082875,1.0828,1.08284,1.082865
1,20200423  00:21:00,1.082985,1.082855,1.082865,1.082985
1,20200423  00:22:00,1.082985,1.082825,1.082985,1.082835
1,20200423  00:23:00,1.0829,1.082785,1.082835,1.082875
1,20200423  00:24:00,1.08299,1.08282,1.082875,1.082905
1,20200423  00:25:00,1.082955,1.08286,1.082905,1.08289
1,20200423  00:26:00,1.082905,1.082705,1.08289,1.08274
1,20200423  00:27:00,1.08274,1.082475,1.08274,1.082585
1,20200423  00:28:00,1.082745,1.082555,1.082585,1.082745
1,20200423  00:29:00,1.082765,1.082635,1.082745,1.08267
1,20200423  00:30:00,1.082735,1.082665,1.08267,1.0827
1,20200423  00:31:00,1.082705,1.082555,1.0827,1.08264
1,20200423  00:32:00,1.082685,1.08257,1.08264,1.08264
1,20200423  00:33:00,1.08272,1.08259,1.08264,1.08267
1,20200423  00:34:00,1.08268,1.082545,1.08267,1.082605
1,20200423  00:35:00,1.082625,1.082505,1.082605,1.082505
1,20200423  00:36:00,1.082545,1.082445,1.082505,1.082445
1,20200423  00:37:00,1.082545,1.082445,1.082445,1.08252
1,20200423  00:38:00,1.08274,1.08245,1.08252,1.08264
1,20200423  00:39:00,1.08264,1.08243,1.08264,1.082615
1,20200423  00:40:00,1.082695,1.0825,1.082615,1.082505
1,20200423  00:41:00,1.08258,1.082465,1.082505,1.082505
1,20200423  00:42:00,1.08262,1.08249,1.082505,1.082555
1,20200423  00:43:00,1.082765,1.08248,1.082555,1.082765
1,20200423  00:44:00,1.08297,1.082765,1.082765,1.082955
1,20200423  00:45:00,1.082965,1.08283,1.082955,1.082875
1,20200423  00:46:00,1.082875,1.0827,1.082875,1.082795
1,20200423  00:47:00,1.082805,1.08273,1.082795,1.082795
1,20200423  00:48:00,1.08281,1.082735,1.082795,1.08276
1,20200423  00:49:00,1.082805,1.08273,1.08276,1.0828
1,20200423  00:50:00,1.08291,1.0828,1.0828,1.082905
1,20200423  00:51:00,1.082905,1.08282,1.082905,1.08282
1,20200423  00:52:00,1.08308,1.08282,1.08282,1.083065
1,20200423  00:53:00,1.083435,1.083065,1.083065,1.083385
1,20200423  00:54:00,1.083425,1.08305,1.083385,1.083085
1,20200423  00:55:00,1.08317,1.08299,1.083085,1.083015
1,20200423  00:56:00,1.08311,1.082995,1.083015,1.083055
1,20200423  00:57:00,1.083115,1.083,1.083055,1.08305
1,20200423  00:58:00,1.08317,1.08305,1.08305,1.083135
1,20200423  00:59:00,1.08317,1.08294,1.083135,1.082945
1,20200423  01:00:00,1.082985,1.082645,1.082945,1.0827
1,20200423  01:01:00,1.08282,1.082675,1.0827,1.08279
1,20200423  01:02:00,1.08282,1.0827,1.08279,1.082765
1,20200423  01:03:00,1.082985,1.08273,1.082765,1.08284
1,20200423  01:04:00,1.082915,1.08264,1.08284,1.082805
1,20200423  01:05:00,1.08282,1.082615,1.082805,1.08264
1,20200423  01:06:00,1.08268,1.082545,1.08264,1.082605
1,20200423  01:07:00,1.083015,1.082575,1.082605,1.08297
1,20200423  01:08:00,1.083395,1.08284,1.08297,1.083305
1,20200423  01:09:00,1.083405,1.0831,1.083305,1.08313
1,20200423  01:10:00,1.08313,1.08299,1.08313,1.083095
1,20200423  01:11:00,1.08344,1.083095,1.083095,1.08328
1,20200423  01:12:00,1.083385,1.083075,1.08328,1.083095
1,20200423  01:13:00,1.08312,1.08283,1.083095,1.08299
1,20200423  01:14:00,1.082995,1.08266,1.08299,1.082685
1,20200423  01:15:00,1.08312,1.08268,1.082685,1.08311
1,20200423  01:16:00,1.083145,1.082955,1.08311,1.083015
1,20200423  01:17:00,1.08308,1.082835,1.083015,1.0829
1,20200423  01:18:00,1.08299,1.082785,1.0829,1.082835
1,20200423  01:19:00,1.08291,1.08277,1.082835,1.08285
1,20200423  01:20:00,1.08299,1.082785,1.08285,1.082845
1,20200423  01:21:00,1.082845,1.08268,1.082845,1.082695
1,20200423  01:22:00,1.082745,1.08262,1.082695,1.082655
1,20200423  01:23:00,1.082725,1.082615,1.082655,1.082675
1,20200423  01:24:00,1.082675,1.082415,1.082675,1.082465
1,20200423  01:25:00,1.082515,1.082345,1.082465,1.08239
1,20200423  01:26:00,1.082635,1.082385,1.08239,1.08249
1,20200423  01:27:00,1.08255,1.082375,1.08249,1.082475
1,20200423  01:28:00,1.082625,1.08239,1.082475,1.0825
1,20200423  01:29:00,1.082835,1.082465,1.0825,1.08282
1,20200423  01:30:00,1.08307,1.08271,1.08282,1.082805
1,20200423  01:31:00,1.08283,1.082685,1.082805,1.082805
1,20200423  01:32:00,1.082825,1.082645,1.082805,1.082825
1,20200423  01:33:00,1.082835,1.082615,1.082825,1.082645
1,20200423  01:34:00,1.08274,1.08254,1.082645,1.08273
1,20200423  01:35:00,1.08273,1.082395,1.08273,1.082475
1,20200423  01:36:00,1.082475,1.08233,1.082475,1.08245
1,20200423  01:37:00,1.082495,1.082105,1.08245,1.0822
1,20200423  01:38:00,1.082465,1.082145,1.0822,1.082335
1,20200423  01:39:00,1.082425,1.082275,1.082335,1.08238
1,20200423  01:40:00,1.08254,1.082345,1.08238,1.082485
1,20200423  01:41:00,1.08255,1.08238,1.082485,1.082455
1,20200423  01:42:00,1.082475,1.08234,1.082455,1.082395
1,20200423  01:43:00,1.082415,1.082265,1.082395,1.082385
1,20200423  01:44:00,1.0824,1.08229,1.082385,1.0823
1,20200423  01:45:00,1.082385,1.082285,1.0823,1.082295
1,20200423  01:46:00,1.08237,1.08209,1.082295,1.08209
1,20200423  01:47:00,1.082165,1.08175,1.08209,1.081765
1,20200423  01:48:00,1.08185,1.081635,1.081765,1.081715
1,20200423  01:49:00,1.081865,1.081565,1.081715,1.081815
1,20200423  01:50:00,1.08203,1.08181,1.081815,1.081985
1,20200423  01:51:00,1.081985,1.081695,1.081985,1.08188
1,20200423  01:52:00,1.08198,1.081805,1.08188,1.08191
1,20200423  01:53:00,1.082105,1.08191,1.08191,1.082035
1,20200423  01:54:00,1.0821,1.081645,1.082035,1.08168
1,20200423  01:55:00,1.08168,1.081505,1.08168,1.081565
1,20200423  01:56:00,1.081595,1.08141,1.081565,1.08151
1,20200423  01:57:00,1.08151,1.081135,1.08151,1.08146
1,20200423  01:58:00,1.08167,1.081455,1.08146,1.081595
1,20200423  01:59:00,1.08176,1.08152,1.081595,1.081675
1,20200423  02:00:00,1.081675,1.0813,1.081675,1.081405
1,20200423  02:01:00,1.08177,1.08137,1.081405,1.081755
1,20200423  02:02:00,1.081945,1.081665,1.081755,1.08194
1,20200423  02:03:00,1.081975,1.08166,1.08194,1.081815
1,20200423  02:04:00,1.081875,1.081525,1.081815,1.081535
1,20200423  02:05:00,1.081735,1.081495,1.081535,1.081605
1,20200423  02:06:00,1.081625,1.08145,1.081605,1.081495
1,20200423  02:07:00,1.081495,1.08118,1.081495,1.08121
1,20200423  02:08:00,1.08123,1.081025,1.08121,1.08118
1,20200423  02:09:00,1.081215,1.081065,1.08118,1.081065
1,20200423  02:10:00,1.0811,1.08087,1.081065,1.08103
1,20200423  02:11:00,1.08116,1.081025,1.08103,1.081065
1,20200423  02:12:00,1.081065,1.080875,1.081065,1.080955
1,20200423  02:13:00,1.08121,1.080925,1.080955,1.081045
1,20200423  02:14:00,1.081285,1.08093,1.081045,1.0812
1,20200423  02:15:00,1.0812,1.080325,1.0812,1.080385
1,20200423  02:16:00,1.0807,1.080215,1.080385,1.08058
1,20200423  02:17:00,1.08079,1.08051,1.08058,1.080585
1,20200423  02:18:00,1.08068,1.080505,1.080585,1.080535
1,20200423  02:19:00,1.08054,1.08006,1.080535,1.0801
1,20200423  02:20:00,1.080175,1.07968,1.0801,1.07986
1,20200423  02:21:00,1.080005,1.07975,1.07986,1.079985
1,20200423  02:22:00,1.080045,1.079525,1.079985,1.079575
1,20200423  02:23:00,1.079785,1.079085,1.079575,1.07938
1,20200423  02:24:00,1.079525,1.079255,1.07938,1.07943
1,20200423  02:25:00,1.07943,1.07906,1.07943,1.07936
1,20200423  02:26:00,1.07938,1.079165,1.07936,1.079225
1,20200423  02:27:00,1.0793,1.079045,1.079225,1.07909
1,20200423  02:28:00,1.07909,1.07854,1.07909,1.078685
1,20200423  02:29:00,1.078975,1.07867,1.078685,1.07896
1,20200423  02:30:00,1.07897,1.078495,1.07896,1.07888
1,20200423  02:31:00,1.07929,1.07888,1.07888,1.079255
1,20200423  02:32:00,1.079455,1.07913,1.079255,1.07934
1,20200423  02:33:00,1.07958,1.079175,1.07934,1.079215
1,20200423  02:34:00,1.07947,1.079215,1.079215,1.079335
1,20200423  02:35:00,1.079545,1.079265,1.079335,1.079445
1,20200423  02:36:00,1.07957,1.07932,1.079445,1.079375
1,20200423  02:37:00,1.07938,1.07904,1.079375,1.07914
1,20200423  02:38:00,1.079205,1.07899,1.07914,1.079185
1,20200423  02:39:00,1.079395,1.07917,1.079185,1.0792
1,20200423  02:40:00,1.0794,1.079165,1.0792,1.07924
1,20200423  02:41:00,1.079355,1.0792,1.07924,1.0792
1,20200423  02:42:00,1.07933,1.079165,1.0792,1.079265
1,20200423  02:43:00,1.079345,1.078875,1.079265,1.078925
1,20200423  02:44:00,1.078995,1.078565,1.078925,1.0786
1,20200423  02:45:00,1.078725,1.07844,1.0786,1.078565
1,20200423  02:46:00,1.07896,1.078565,1.078565,1.07887
1,20200423  02:47:00,1.07896,1.07875,1.07887,1.078915
1,20200423  02:48:00,1.0791,1.078905,1.078915,1.0791
1,20200423  02:49:00,1.07918,1.078815,1.0791,1.07888
1,20200423  02:50:00,1.07896,1.078755,1.07888,1.07878
1,20200423  02:51:00,1.07908,1.078725,1.07878,1.07907
1,20200423  02:52:00,1.07928,1.079015,1.07907,1.079275
1,20200423  02:53:00,1.079335,1.07919,1.079275,1.07929
1,20200423  02:54:00,1.079355,1.07889,1.07929,1.07899
1,20200423  02:55:00,1.079235,1.078825,1.07899,1.07905
1,20200423  02:56:00,1.07921,1.07888,1.07905,1.079205
1,20200423  02:57:00,1.079365,1.079205,1.079205,1.07935
1,20200423  02:58:00,1.079575,1.079275,1.07935,1.07955
1,20200423  02:59:00,1.07969,1.079535,1.07955,1.079625
1,20200423  03:00:00,1.079745,1.079425,1.079625,1.079745
1,20200423  03:01:00,1.079985,1.07972,1.079745,1.0799
1,20200423  03:02:00,1.08026,1.079725,1.0799,1.08021
1,20200423  03:03:00,1.080215,1.079895,1.08021,1.080155
1,20200423  03:04:00,1.080295,1.080015,1.080155,1.08002
1,20200423  03:05:00,1.0801,1.07985,1.08002,1.08001
1,20200423  03:06:00,1.080125,1.079775,1.08001,1.07996
1,20200423  03:07:00,1.079985,1.07972,1.07996,1.07987
1,20200423  03:08:00,1.079925,1.07961,1.07987,1.079745
1,20200423  03:09:00,1.079755,1.079355,1.079745,1.07949
1,20200423  03:10:00,1.079505,1.079265,1.07949,1.079295
1,20200423  03:11:00,1.079495,1.07926,1.079295,1.079405
1,20200423  03:12:00,1.079515,1.07926,1.079405,1.079515
1,20200423  03:13:00,1.07963,1.07944,1.079515,1.0796
1,20200423  03:14:00,1.0796,1.079345,1.0796,1.07955
1,20200423  03:15:00,1.07963,1.079345,1.07955,1.079455
1,20200423  03:16:00,1.079515,1.07922,1.079455,1.079305
1,20200423  03:17:00,1.07949,1.079275,1.079305,1.07949
1,20200423  03:18:00,1.07957,1.07937,1.07949,1.079495
1,20200423  03:19:00,1.079735,1.079445,1.079495,1.07968
1,20200423  03:20:00,1.079905,1.07958,1.07968,1.079895
1,20200423  03:21:00,1.080105,1.079745,1.079895,1.080065
1,20200423  03:22:00,1.080065,1.079885,1.080065,1.080005
1,20200423  03:23:00,1.0801,1.07993,1.080005,1.08001
1,20200423  03:24:00,1.08001,1.079755,1.08001,1.079885
1,20200423  03:25:00,1.079885,1.079615,1.079885,1.07971
1,20200423  03:26:00,1.079825,1.079575,1.07971,1.079785
1,20200423  03:27:00,1.07992,1.079755,1.079785,1.0798
1,20200423  03:28:00,1.079915,1.07964,1.0798,1.079705
1,20200423  03:29:00,1.079925,1.079605,1.079705,1.0799
1,20200423  03:30:00,1.080155,1.07985,1.0799,1.080125
1,20200423  03:31:00,1.080125,1.079785,1.080125,1.079925
1,20200423  03:32:00,1.08,1.079805,1.079925,1.079805
1,20200423  03:33:00,1.07998,1.07976,1.079805,1.079875
1,20200423  03:34:00,1.07998,1.079835,1.079875,1.07992
1,20200423  03:35:00,1.0801,1.079905,1.07992,1.080085
1,20200423  03:36:00,1.08012,1.079825,1.080085,1.07983
1,20200423  03:37:00,1.079895,1.07975,1.07983,1.079805
1,20200423  03:38:00,1.079925,1.079775,1.079805,1.079805
1,20200423  03:39:00,1.07984,1.0796,1.079805,1.07984
1,20200423  03:40:00,1.079855,1.079575,1.07984,1.079575
1,20200423  03:41:00,1.07965,1.079455,1.079575,1.07963
1,20200423  03:42:00,1.079635,1.079455,1.07963,1.07957
1,20200423  03:43:00,1.07957,1.0792,1.07957,1.079295
1,20200423  03:44:00,1.079485,1.079225,1.079295,1.07946
1,20200423  03:45:00,1.079485,1.079345,1.07946,1.079465
1,20200423  03:46:00,1.07947,1.079295,1.079465,1.07931
1,20200423  03:47:00,1.079395,1.079205,1.07931,1.07928
1,20200423  03:48:00,1.07931,1.079045,1.07928,1.079095
1,20200423  03:49:00,1.079225,1.079075,1.079095,1.079165
1,20200423  03:50:00,1.079445,1.079165,1.079165,1.079265
1,20200423  03:51:00,1.079445,1.079195,1.079265,1.079415
1,20200423  03:52:00,1.07971,1.0794,1.079415,1.079685
1,20200423  03:53:00,1.079705,1.079555,1.079685,1.079595
1,20200423  03:54:00,1.079615,1.079375,1.079595,1.079615
1,20200423  03:55:00,1.079705,1.079535,1.079615,1.079545
1,20200423  03:56:00,1.07961,1.079485,1.079545,1.079555
1,20200423  03:57:00,1.07958,1.07948,1.079555,1.07958
1,20200423  03:58:00,1.07979,1.079575,1.07958,1.079765
1,20200423  03:59:00,1.079785,1.07962,1.079765,1.079625
1,20200423  04:00:00,1.07973,1.079485,1.079625,1.079715
1,20200423  04:01:00,1.07995,1.079715,1.079715,1.07977
1,20200423  04:02:00,1.079785,1.079575,1.07977,1.079595
1,20200423  04:03:00,1.079765,1.079575,1.079595,1.079725
1,20200423  04:04:00,1.079775,1.079605,1.079725,1.079655
1,20200423  04:05:00,1.079655,1.07941,1.079655,1.079455
1,20200423  04:06:00,1.079455,1.079295,1.079455,1.079295
1,20200423  04:07:00,1.0793,1.07913,1.079295,1.079185
1,20200423  04:08:00,1.079235,1.07906,1.079185,1.079205
1,20200423  04:09:00,1.079225,1.078955,1.079205,1.078985
1,20200423  04:10:00,1.078995,1.078745,1.078985,1.078755
1,20200423  04:11:00,1.07903,1.078745,1.078755,1.079005
1,20200423  04:12:00,1.07904,1.078675,1.079005,1.078765
1,20200423  04:13:00,1.078835,1.078695,1.078765,1.078735
1,20200423  04:14:00,1.078785,1.07864,1.078735,1.07878
1,20200423  04:15:00,1.07888,1.078675,1.07878,1.078715
1,20200423  04:16:00,1.078725,1.078605,1.078715,1.078625
1,20200423  04:17:00,1.078665,1.07856,1.078625,1.078565
1,20200423  04:18:00,1.078575,1.078405,1.078565,1.078405
1,20200423  04:19:00,1.078425,1.07827,1.078405,1.078305
1,20200423  04:20:00,1.07833,1.078125,1.078305,1.07817
1,20200423  04:21:00,1.078295,1.0781,1.07817,1.078285
1,20200423  04:22:00,1.078475,1.078215,1.078285,1.07834
1,20200423  04:23:00,1.0784,1.078025,1.07834,1.078045
1,20200423  04:24:00,1.07842,1.078045,1.078045,1.078405
1,20200423  04:25:00,1.07842,1.0781,1.078405,1.078305
1,20200423  04:26:00,1.07848,1.07829,1.078305,1.078415
1,20200423  04:27:00,1.078425,1.078125,1.078415,1.07813
1,20200423  04:28:00,1.07825,1.077935,1.07813,1.078195
1,20200423  04:29:00,1.078255,1.078075,1.078195,1.078125
1,20200423  04:30:00,1.078345,1.07809,1.078125,1.07831
1,20200423  04:31:00,1.078525,1.07827,1.07831,1.078525
1,20200423  04:32:00,1.078565,1.07845,1.078525,1.07856
1,20200423  04:33:00,1.078665,1.078475,1.07856,1.078575
1,20200423  04:34:00,1.078605,1.078395,1.078575,1.078465
1,20200423  04:35:00,1.07869,1.07845,1.078465,1.07867
1,20200423  04:36:00,1.07878,1.078575,1.07867,1.07878
1,20200423  04:37:00,1.079045,1.07875,1.07878,1.078985
1,20200423  04:38:00,1.0794,1.07897,1.078985,1.079245
1,20200423  04:39:00,1.079255,1.079125,1.079245,1.079175
1,20200423  04:40:00,1.079175,1.078915,1.079175,1.078915
1,20200423  04:41:00,1.078985,1.078675,1.078915,1.07869
1,20200423  04:42:00,1.078695,1.078605,1.07869,1.078605
1,20200423  04:43:00,1.078665,1.078495,1.078605,1.07852
1,20200423  04:44:00,1.07869,1.078505,1.07852,1.078625
1,20200423  04:45:00,1.078695,1.07852,1.078625,1.07852
1,20200423  04:46:00,1.078575,1.078385,1.07852,1.07839
1,20200423  04:47:00,1.07839,1.078205,1.07839,1.078295
1,20200423  04:48:00,1.078345,1.078055,1.078295,1.078055
1,20200423  04:49:00,1.078125,1.07799,1.078055,1.078
1,20200423  04:50:00,1.078075,1.077805,1.078,1.077845
1,20200423  04:51:00,1.077905,1.077705,1.077845,1.077705
1,20200423  04:52:00,1.077785,1.07765,1.077705,1.077765
1,20200423  04:53:00,1.077775,1.077625,1.077765,1.077745
1,20200423  04:54:00,1.07775,1.07756,1.077745,1.07768
1,20200423  04:55:00,1.077695,1.077435,1.07768,1.077605
1,20200423  04:56:00,1.07764,1.077205,1.077605,1.077255
1,20200423  04:57:00,1.077295,1.077155,1.077255,1.077155
1,20200423  04:58:00,1.077175,1.076905,1.077155,1.07694
1,20200423  04:59:00,1.07738,1.076935,1.07694,1.07736
1,20200423  05:00:00,1.077525,1.077295,1.07736,1.077505
1,20200423  05:01:00,1.07761,1.077065,1.077505,1.077075
1,20200423  05:02:00,1.077175,1.07678,1.077075,1.077065
1,20200423  05:03:00,1.077135,1.076895,1.077065,1.076995
1,20200423  05:04:00,1.0772,1.076975,1.076995,1.0772
1,20200423  05:05:00,1.077405,1.077185,1.0772,1.077405
1,20200423  05:06:00,1.07756,1.077335,1.077405,1.077395
1,20200423  05:07:00,1.0778,1.07739,1.077395,1.077785
1,20200423  05:08:00,1.077785,1.07734,1.077785,1.077355
1,20200423  05:09:00,1.077365,1.077075,1.077355,1.07709
1,20200423  05:10:00,1.07737,1.077015,1.07709,1.077275
1,20200423  05:11:00,1.07732,1.077205,1.077275,1.0773
1,20200423  05:12:00,1.077485,1.077235,1.0773,1.077485
1,20200423  05:13:00,1.07764,1.07746,1.077485,1.077575
1,20200423  05:14:00,1.077685,1.0775,1.077575,1.077595
1,20200423  05:15:00,1.077775,1.07755,1.077595,1.077585
1,20200423  05:16:00,1.077595,1.07736,1.077585,1.07754
1,20200423  05:17:00,1.077725,1.07751,1.07754,1.07751
1,20200423  05:18:00,1.077715,1.07738,1.07751,1.07771
1,20200423  05:19:00,1.07778,1.07764,1.07771,1.07773
1,20200423  05:20:00,1.07773,1.07764,1.07773,1.077705
1,20200423  05:21:00,1.07771,1.07759,1.077705,1.07768
1,20200423  05:22:00,1.07772,1.077535,1.07768,1.077535
1,20200423  05:23:00,1.077595,1.07748,1.077535,1.077555
1,20200423  05:24:00,1.077685,1.077555,1.077555,1.077585
1,20200423  05:25:00,1.077695,1.077505,1.077585,1.077645
1,20200423  05:26:00,1.077695,1.07755,1.077645,1.07756
1,20200423  05:27:00,1.077595,1.077495,1.07756,1.077505
1,20200423  05:28:00,1.077665,1.07748,1.077505,1.07764
1,20200423  05:29:00,1.07769,1.077555,1.07764,1.077655
1,20200423  05:30:00,1.077655,1.077375,1.077655,1.077375
1,20200423  05:31:00,1.077585,1.077375,1.077375,1.077525
1,20200423  05:32:00,1.077525,1.077185,1.077525,1.07721
1,20200423  05:33:00,1.077335,1.077115,1.07721,1.077115
1,20200423  05:34:00,1.07717,1.076745,1.077115,1.07676
1,20200423  05:35:00,1.07681,1.076285,1.07676,1.0763
1,20200423  05:36:00,1.076415,1.07588,1.0763,1.07589
1,20200423  05:37:00,1.076205,1.075865,1.07589,1.076145
1,20200423  05:38:00,1.076295,1.07608,1.076145,1.07621
1,20200423  05:39:00,1.076345,1.07588,1.07621,1.075885
1,20200423  05:40:00,1.07606,1.075755,1.075885,1.075755
1,20200423  05:41:00,1.07588,1.075605,1.075755,1.075865
1,20200423  05:42:00,1.076225,1.075755,1.075865,1.076205
1,20200423  05:43:00,1.076465,1.076095,1.076205,1.076465
1,20200423  05:44:00,1.076545,1.076415,1.076465,1.07646
1,20200423  05:45:00,1.076525,1.07643,1.07646,1.076465
1,20200423  05:46:00,1.07661,1.076455,1.076465,1.076575
1,20200423  05:47:00,1.07659,1.076475,1.076575,1.076565
1,20200423  05:48:00,1.076615,1.07637,1.076565,1.076525
1,20200423  05:49:00,1.076525,1.076215,1.076525,1.076225
1,20200423  05:50:00,1.076285,1.076095,1.076225,1.07628
1,20200423  05:51:00,1.076585,1.07627,1.07628,1.076545
1,20200423  05:52:00,1.076675,1.076425,1.076545,1.07659
1,20200423  05:53:00,1.076725,1.07656,1.07659,1.076655
1,20200423  05:54:00,1.076985,1.076595,1.076655,1.076965
1,20200423  05:55:00,1.077175,1.076925,1.076965,1.077175
1,20200423  05:56:00,1.077275,1.076985,1.077175,1.077085
1,20200423  05:57:00,1.077205,1.076855,1.077085,1.077205
1,20200423  05:58:00,1.077295,1.07699,1.077205,1.077215
1,20200423  05:59:00,1.077615,1.077175,1.077215,1.07756
1,20200423  06:00:00,1.077775,1.077365,1.07756,1.07771
1,20200423  06:01:00,1.078065,1.077645,1.07771,1.077945
1,20200423  06:02:00,1.077995,1.077555,1.077945,1.077875
1,20200423  06:03:00,1.07815,1.077875,1.077875,1.078085
1,20200423  06:04:00,1.078115,1.07771,1.078085,1.077805
1,20200423  06:05:00,1.078035,1.0778,1.077805,1.077905
1,20200423  06:06:00,1.078025,1.077825,1.077905,1.077995
1,20200423  06:07:00,1.078035,1.07765,1.077995,1.077695
1,20200423  06:08:00,1.07798,1.077695,1.077695,1.077835
1,20200423  06:09:00,1.07791,1.07775,1.077835,1.077785
1,20200423  06:10:00,1.077925,1.077695,1.077785,1.077905
1,20200423  06:11:00,1.078195,1.077795,1.077905,1.07817
1,20200423  06:12:00,1.07887,1.07817,1.07817,1.078555
1,20200423  06:13:00,1.0791,1.078555,1.078555,1.078825
1,20200423  06:14:00,1.07922,1.078575,1.078825,1.07922
1,20200423  06:15:00,1.079245,1.07895,1.07922,1.07907
1,20200423  06:16:00,1.079095,1.078765,1.07907,1.078765
1,20200423  06:17:00,1.078845,1.078655,1.078765,1.078695
1,20200423  06:18:00,1.079115,1.078695,1.078695,1.07904
1,20200423  06:19:00,1.079125,1.078785,1.07904,1.07879
1,20200423  06:20:00,1.07879,1.07844,1.07879,1.078635
1,20200423  06:21:00,1.078635,1.07827,1.078635,1.078315
1,20200423  06:22:00,1.07835,1.078215,1.078315,1.078315
1,20200423  06:23:00,1.078385,1.078145,1.078315,1.078145
1,20200423  06:24:00,1.078315,1.078115,1.078145,1.078165
1,20200423  06:25:00,1.078195,1.07809,1.078165,1.07819
1,20200423  06:26:00,1.07825,1.07809,1.07819,1.07811
1,20200423  06:27:00,1.07823,1.078045,1.07811,1.07809
1,20200423  06:28:00,1.078105,1.077765,1.07809,1.077885
1,20200423  06:29:00,1.078275,1.077885,1.077885,1.078135
1,20200423  06:30:00,1.078165,1.07801,1.078135,1.07813
1,20200423  06:31:00,1.078475,1.078125,1.07813,1.078335
1,20200423  06:32:00,1.07842,1.078255,1.078335,1.078345
1,20200423  06:33:00,1.078345,1.077845,1.078345,1.07785
1,20200423  06:34:00,1.07808,1.077845,1.07785,1.07808
1,20200423  06:35:00,1.07808,1.077965,1.07808,1.077975
1,20200423  06:36:00,1.07798,1.077765,1.077975,1.077815
1,20200423  06:37:00,1.078,1.0778,1.077815,1.07782
1,20200423  06:38:00,1.077845,1.077695,1.07782,1.077695
1,20200423  06:39:00,1.077785,1.07768,1.077695,1.077745
1,20200423  06:40:00,1.077805,1.077615,1.077745,1.077635
1,20200423  06:41:00,1.077685,1.077515,1.077635,1.07756
1,20200423  06:42:00,1.07764,1.077505,1.07756,1.07755
1,20200423  06:43:00,1.078005,1.077515,1.07755,1.078005
1,20200423  06:44:00,1.078035,1.077865,1.078005,1.077905
1,20200423  06:45:00,1.077995,1.077465,1.077905,1.077465
1,20200423  06:46:00,1.077465,1.077115,1.077465,1.077145
1,20200423  06:47:00,1.07728,1.07708,1.077145,1.077205
1,20200423  06:48:00,1.07737,1.07709,1.077205,1.07709
1,20200423  06:49:00,1.077255,1.07709,1.07709,1.077205
1,20200423  06:50:00,1.077455,1.077185,1.077205,1.077305
1,20200423  06:51:00,1.077305,1.077115,1.077305,1.07712
1,20200423  06:52:00,1.077285,1.07712,1.07712,1.07723
1,20200423  06:53:00,1.077295,1.077155,1.07723,1.0772
1,20200423  06:54:00,1.07728,1.07704,1.0772,1.077125
1,20200423  06:55:00,1.077155,1.076825,1.077125,1.076875
1,20200423  06:56:00,1.076995,1.07683,1.076875,1.076975
1,20200423  06:57:00,1.076975,1.076705,1.076975,1.076705
1,20200423  06:58:00,1.076825,1.07667,1.076705,1.07668
1,20200423  06:59:00,1.076725,1.07636,1.07668,1.0766
1,20200423  07:00:00,1.076875,1.076545,1.0766,1.076835
1,20200423  07:01:00,1.077135,1.076825,1.076835,1.077025
1,20200423  07:02:00,1.077025,1.07678,1.077025,1.076885
1,20200423  07:03:00,1.077435,1.07688,1.076885,1.07742
1,20200423  07:04:00,1.07747,1.077355,1.07742,1.077365
1,20200423  07:05:00,1.077425,1.07704,1.077365,1.07709
1,20200423  07:06:00,1.077425,1.07709,1.07709,1.07741
1,20200423  07:07:00,1.077555,1.077345,1.07741,1.077395
1,20200423  07:08:00,1.077395,1.07708,1.077395,1.07716
1,20200423  07:09:00,1.077175,1.07691,1.07716,1.077175
1,20200423  07:10:00,1.07729,1.077095,1.077175,1.0772
1,20200423  07:11:00,1.077415,1.07718,1.0772,1.07738
1,20200423  07:12:00,1.07754,1.07733,1.07738,1.07748
1,20200423  07:13:00,1.07754,1.077325,1.07748,1.077465
1,20200423  07:14:00,1.077485,1.0771,1.077465,1.07716
1,20200423  07:15:00,1.07729,1.07698,1.07716,1.07699
1,20200423  07:16:00,1.07701,1.076845,1.07699,1.076985
1,20200423  07:17:00,1.07768,1.07695,1.076985,1.077665
1,20200423  07:18:00,1.07798,1.077605,1.077665,1.07798
1,20200423  07:19:00,1.078255,1.077975,1.07798,1.078255
1,20200423  07:20:00,1.078685,1.078235,1.078255,1.078415
1,20200423  07:21:00,1.078535,1.078305,1.078415,1.07852
1,20200423  07:22:00,1.078665,1.07835,1.07852,1.078645
1,20200423  07:23:00,1.078645,1.078465,1.078645,1.078565
1,20200423  07:24:00,1.078655,1.07846,1.078565,1.078595
1,20200423  07:25:00,1.0786,1.078255,1.078595,1.078295
1,20200423  07:26:00,1.07849,1.078205,1.078295,1.078305
1,20200423  07:27:00,1.07887,1.07829,1.078305,1.07887
1,20200423  07:28:00,1.078875,1.078555,1.07887,1.07872
1,20200423  07:29:00,1.07896,1.078505,1.07872,1.078515
1,20200423  07:30:00,1.078815,1.0783,1.078515,1.07864
1,20200423  07:31:00,1.07864,1.078385,1.07864,1.078495
1,20200423  07:32:00,1.078625,1.0782,1.078495,1.078295
1,20200423  07:33:00,1.0786,1.0782,1.078295,1.078525
1,20200423  07:34:00,1.07892,1.078495,1.078525,1.078625
1,20200423  07:35:00,1.07904,1.078605,1.078625,1.078605
1,20200423  07:36:00,1.0787,1.078315,1.078605,1.078475
1,20200423  07:37:00,1.078605,1.07827,1.078475,1.07852
1,20200423  07:38:00,1.07861,1.078295,1.07852,1.078305
1,20200423  07:39:00,1.07834,1.078055,1.078305,1.07809
1,20200423  07:40:00,1.07809,1.07773,1.07809,1.077755
1,20200423  07:41:00,1.077905,1.07766,1.077755,1.077835
1,20200423  07:42:00,1.078075,1.077805,1.077835,1.07799
1,20200423  07:43:00,1.078095,1.0779,1.07799,1.078045
1,20200423  07:44:00,1.078175,1.077975,1.078045,1.078175
1,20200423  07:45:00,1.078655,1.07817,1.078175,1.078605
1,20200423  07:46:00,1.07865,1.078475,1.078605,1.078585
1,20200423  07:47:00,1.078705,1.07841,1.078585,1.0787
1,20200423  07:48:00,1.078855,1.078655,1.0787,1.078655
1,20200423  07:49:00,1.078855,1.07864,1.078655,1.07876
1,20200423  07:50:00,1.07903,1.07871,1.07876,1.079025
1,20200423  07:51:00,1.079075,1.07882,1.079025,1.079025
1,20200423  07:52:00,1.07912,1.078875,1.079025,1.079025
1,20200423  07:53:00,1.0791,1.078885,1.079025,1.079075
1,20200423  07:54:00,1.079175,1.07895,1.079075,1.079035
1,20200423  07:55:00,1.079035,1.078695,1.079035,1.078835
1,20200423  07:56:00,1.078905,1.078695,1.078835,1.07882
1,20200423  07:57:00,1.07948,1.07881,1.07882,1.079455
1,20200423  07:58:00,1.079455,1.07896,1.079455,1.079
1,20200423  07:59:00,1.079095,1.0788,1.079,1.078855
1,20200423  08:00:00,1.079105,1.07876,1.078855,1.079105
1,20200423  08:01:00,1.07921,1.07905,1.079105,1.079085
1,20200423  08:02:00,1.079155,1.07869,1.079085,1.078755
1,20200423  08:03:00,1.078875,1.078655,1.078755,1.078835
1,20200423  08:04:00,1.07902,1.078835,1.078835,1.079
1,20200423  08:05:00,1.07905,1.0788,1.079,1.07891
1,20200423  08:06:00,1.07896,1.07859,1.07891,1.078615
1,20200423  08:07:00,1.078805,1.078615,1.078615,1.07876
1,20200423  08:08:00,1.078835,1.07857,1.07876,1.07879
1,20200423  08:09:00,1.07879,1.07869,1.07879,1.078705
1,20200423  08:10:00,1.078975,1.07858,1.078705,1.078915
1,20200423  08:11:00,1.078975,1.078475,1.078915,1.078475
1,20200423  08:12:00,1.07851,1.0782,1.078475,1.07834
1,20200423  08:13:00,1.078375,1.07829,1.07834,1.078355
1,20200423  08:14:00,1.07852,1.07832,1.078355,1.078485
1,20200423  08:15:00,1.078685,1.078425,1.078485,1.078425
1,20200423  08:16:00,1.078475,1.078285,1.078425,1.078465
1,20200423  08:17:00,1.078535,1.07826,1.078465,1.078285
1,20200423  08:18:00,1.078325,1.078175,1.078285,1.078295
1,20200423  08:19:00,1.07839,1.078255,1.078295,1.078255
1,20200423  08:20:00,1.07843,1.07818,1.078255,1.07841
1,20200423  08:21:00,1.07843,1.078085,1.07841,1.078365
1,20200423  08:22:00,1.078555,1.078345,1.078365,1.078505
1,20200423  08:23:00,1.078805,1.07846,1.078505,1.0787
1,20200423  08:24:00,1.07895,1.078695,1.0787,1.078905
1,20200423  08:25:00,1.07894,1.078785,1.078905,1.078915
1,20200423  08:26:00,1.079315,1.078905,1.078915,1.07922
1,20200423  08:27:00,1.079535,1.07913,1.07922,1.079275
1,20200423  08:28:00,1.07939,1.079185,1.079275,1.079375
1,20200423  08:29:00,1.079385,1.07888,1.079375,1.078935
1,20200423  08:30:00,1.079195,1.078665,1.078935,1.079025
1,20200423  08:31:00,1.079055,1.078475,1.079025,1.0785
1,20200423  08:32:00,1.07899,1.07844,1.0785,1.07892
1,20200423  08:33:00,1.079245,1.07892,1.07892,1.079195
1,20200423  08:34:00,1.079235,1.078945,1.079195,1.079105
1,20200423  08:35:00,1.079565,1.079075,1.079105,1.079315
1,20200423  08:36:00,1.07948,1.079295,1.079315,1.079375
1,20200423  08:37:00,1.07982,1.07933,1.079375,1.079735
1,20200423  08:38:00,1.080265,1.07973,1.079735,1.080135
1,20200423  08:39:00,1.08036,1.079675,1.080135,1.080305
1,20200423  08:40:00,1.080305,1.079955,1.080305,1.079955
1,20200423  08:41:00,1.080045,1.079745,1.079955,1.07975
1,20200423  08:42:00,1.079865,1.07969,1.07975,1.079795
1,20200423  08:43:00,1.079835,1.07945,1.079795,1.079515
1,20200423  08:44:00,1.079855,1.079515,1.079515,1.07979
1,20200423  08:45:00,1.07994,1.07953,1.07979,1.079665
1,20200423  08:46:00,1.079745,1.07932,1.079665,1.079355
1,20200423  08:47:00,1.07967,1.07931,1.079355,1.079565
1,20200423  08:48:00,1.079665,1.079455,1.079565,1.079475
1,20200423  08:49:00,1.07973,1.0794,1.079475,1.079605
1,20200423  08:50:00,1.079625,1.079345,1.079605,1.079365
1,20200423  08:51:00,1.079625,1.07932,1.079365,1.079585
1,20200423  08:52:00,1.079655,1.07946,1.079585,1.079485
1,20200423  08:53:00,1.079595,1.079435,1.079485,1.079475
1,20200423  08:54:00,1.07953,1.07941,1.079475,1.079415
1,20200423  08:55:00,1.079415,1.079135,1.079415,1.079165
1,20200423  08:56:00,1.079315,1.079165,1.079165,1.07931
1,20200423  08:57:00,1.07977,1.079285,1.07931,1.079485
1,20200423  08:58:00,1.079505,1.07931,1.079485,1.079325
1,20200423  08:59:00,1.079485,1.07931,1.079325,1.079425
1,20200423  09:00:00,1.080105,1.07941,1.079425,1.080105
1,20200423  09:01:00,1.080295,1.079895,1.080105,1.079905
1,20200423  09:02:00,1.07995,1.07922,1.079905,1.079275
1,20200423  09:03:00,1.079325,1.079165,1.079275,1.07931
1,20200423  09:04:00,1.079345,1.07914,1.07931,1.079245
1,20200423  09:05:00,1.079485,1.0792,1.079245,1.079345
1,20200423  09:06:00,1.07949,1.079325,1.079345,1.079345
1,20200423  09:07:00,1.079485,1.07931,1.079345,1.07948
1,20200423  09:08:00,1.07983,1.079435,1.07948,1.079715
1,20200423  09:09:00,1.079835,1.079575,1.079715,1.079675
1,20200423  09:10:00,1.07974,1.07949,1.079675,1.079735
1,20200423  09:11:00,1.079785,1.079575,1.079735,1.07968
1,20200423  09:12:00,1.079945,1.079675,1.07968,1.07981
1,20200423  09:13:00,1.080335,1.07975,1.07981,1.080315
1,20200423  09:14:00,1.082395,1.08031,1.080315,1.08185
1,20200423  09:15:00,1.082295,1.081715,1.08185,1.08185
1,20200423  09:16:00,1.08191,1.08133,1.08185,1.081415
1,20200423  09:17:00,1.08151,1.081105,1.081415,1.08116
1,20200423  09:18:00,1.081245,1.080935,1.08116,1.08116
1,20200423  09:19:00,1.081565,1.08086,1.08116,1.0815
1,20200423  09:20:00,1.081975,1.081415,1.0815,1.081925
1,20200423  09:21:00,1.082255,1.08186,1.081925,1.08215
1,20200423  09:22:00,1.082995,1.08215,1.08215,1.082935
1,20200423  09:23:00,1.083665,1.082705,1.082935,1.083505
1,20200423  09:24:00,1.08467,1.083475,1.083505,1.08423
1,20200423  09:25:00,1.08467,1.083805,1.08423,1.083875
1,20200423  09:26:00,1.084045,1.083485,1.083875,1.08352
1,20200423  09:27:00,1.08386,1.083305,1.08352,1.083465
1,20200423  09:28:00,1.08356,1.083045,1.083465,1.083125
1,20200423  09:29:00,1.083405,1.082995,1.083125,1.08323
1,20200423  09:30:00,1.0834,1.082995,1.08323,1.083085
1,20200423  09:31:00,1.083145,1.082855,1.083085,1.08289
1,20200423  09:32:00,1.083335,1.08288,1.08289,1.083205
1,20200423  09:33:00,1.083575,1.083145,1.083205,1.08341
1,20200423  09:34:00,1.083995,1.083215,1.08341,1.083925
1,20200423  09:35:00,1.08423,1.08365,1.083925,1.08366
1,20200423  09:36:00,1.083715,1.083225,1.08366,1.08335
1,20200423  09:37:00,1.083785,1.08335,1.08335,1.08378
1,20200423  09:38:00,1.083805,1.083505,1.08378,1.083695
1,20200423  09:39:00,1.083755,1.08322,1.083695,1.083565
1,20200423  09:40:00,1.083785,1.08345,1.083565,1.083485
1,20200423  09:41:00,1.083495,1.083265,1.083485,1.083475
1,20200423  09:42:00,1.083565,1.08319,1.083475,1.083375
1,20200423  09:43:00,1.083725,1.083375,1.083375,1.083695
1,20200423  09:44:00,1.083715,1.08317,1.083695,1.083545
1,20200423  09:45:00,1.083695,1.08326,1.083545,1.083305
1,20200423  09:46:00,1.08335,1.08299,1.083305,1.083025
1,20200423  09:47:00,1.08309,1.08277,1.083025,1.08277
1,20200423  09:48:00,1.082905,1.08247,1.08277,1.08256
1,20200423  09:49:00,1.082735,1.08255,1.08256,1.082685
1,20200423  09:50:00,1.08282,1.082475,1.082685,1.082695
1,20200423  09:51:00,1.082835,1.082555,1.082695,1.082635
1,20200423  09:52:00,1.083405,1.082635,1.082635,1.083375
1,20200423  09:53:00,1.083545,1.083035,1.083375,1.083055
1,20200423  09:54:00,1.08312,1.08274,1.083055,1.082755
1,20200423  09:55:00,1.083045,1.08275,1.082755,1.08297
1,20200423  09:56:00,1.08299,1.08257,1.08297,1.082865
1,20200423  09:57:00,1.0829,1.082505,1.082865,1.082575
1,20200423  09:58:00,1.082735,1.082455,1.082575,1.082705
1,20200423  09:59:00,1.083,1.08266,1.082705,1.082775
1,20200423  10:00:00,1.082965,1.082625,1.082775,1.082905
1,20200423  10:01:00,1.083155,1.082865,1.082905,1.083055
1,20200423  10:02:00,1.083465,1.08297,1.083055,1.083345
1,20200423  10:03:00,1.083405,1.083145,1.083345,1.083235
1,20200423  10:04:00,1.083505,1.083225,1.083235,1.083285
1,20200423  10:05:00,1.083305,1.08308,1.083285,1.083115
1,20200423  10:06:00,1.08333,1.083085,1.083115,1.083085
1,20200423  10:07:00,1.08316,1.082865,1.083085,1.082865
1,20200423  10:08:00,1.082995,1.08266,1.082865,1.082665
1,20200423  10:09:00,1.083095,1.08266,1.082665,1.083085
1,20200423  10:10:00,1.0833,1.08299,1.083085,1.083245
1,20200423  10:11:00,1.08361,1.083245,1.083245,1.083565
1,20200423  10:12:00,1.083615,1.0834,1.083565,1.083455
1,20200423  10:13:00,1.083575,1.083295,1.083455,1.083575
1,20200423  10:14:00,1.083695,1.08345,1.083575,1.083485
1,20200423  10:15:00,1.083525,1.08327,1.083485,1.08337
1,20200423  10:16:00,1.083615,1.08335,1.08337,1.083475
1,20200423  10:17:00,1.083615,1.083345,1.083475,1.083485
1,20200423  10:18:00,1.083525,1.08335,1.083485,1.083405
1,20200423  10:19:00,1.083405,1.08301,1.083405,1.083035
1,20200423  10:20:00,1.083035,1.08284,1.083035,1.082885
1,20200423  10:21:00,1.083035,1.082795,1.082885,1.082855
1,20200423  10:22:00,1.082935,1.082765,1.082855,1.08291
1,20200423  10:23:00,1.083055,1.08282,1.08291,1.082835
1,20200423  10:24:00,1.08292,1.08271,1.082835,1.08284
1,20200423  10:25:00,1.08329,1.082835,1.08284,1.08328
1,20200423  10:26:00,1.08358,1.083275,1.08328,1.08349
1,20200423  10:27:00,1.08349,1.083275,1.08349,1.083295
1,20200423  10:28:00,1.083445,1.083205,1.083295,1.083445
1,20200423  10:29:00,1.083725,1.08343,1.083445,1.083665
1,20200423  10:30:00,1.08376,1.08318,1.083665,1.083195
1,20200423  10:31:00,1.083205,1.082765,1.083195,1.08299
1,20200423  10:32:00,1.08302,1.082645,1.08299,1.082715
1,20200423  10:33:00,1.082735,1.08234,1.082715,1.0824
1,20200423  10:34:00,1.08248,1.08227,1.0824,1.082375
1,20200423  10:35:00,1.08246,1.082205,1.082375,1.082285
1,20200423  10:36:00,1.08232,1.08209,1.082285,1.08232
1,20200423  10:37:00,1.082425,1.082245,1.08232,1.082295
1,20200423  10:38:00,1.082295,1.08174,1.082295,1.08185
1,20200423  10:39:00,1.08202,1.081805,1.08185,1.081895
1,20200423  10:40:00,1.082,1.08185,1.081895,1.081995
1,20200423  10:41:00,1.08206,1.08187,1.081995,1.08202
1,20200423  10:42:00,1.08202,1.081375,1.08202,1.081415
1,20200423  10:43:00,1.081565,1.081325,1.081415,1.081445
1,20200423  10:44:00,1.0815,1.081205,1.081445,1.08146
1,20200423  10:45:00,1.081505,1.081235,1.08146,1.081505
1,20200423  10:46:00,1.08158,1.081315,1.081505,1.08132
1,20200423  10:47:00,1.08141,1.0812,1.08132,1.08125
1,20200423  10:48:00,1.0815,1.08115,1.08125,1.081155
1,20200423  10:49:00,1.081195,1.08097,1.081155,1.08097
1,20200423  10:50:00,1.08097,1.080815,1.08097,1.080905
1,20200423  10:51:00,1.08119,1.080815,1.080905,1.081185
1,20200423  10:52:00,1.081355,1.081175,1.081185,1.08122
1,20200423  10:53:00,1.08132,1.08102,1.08122,1.08115
1,20200423  10:54:00,1.081235,1.081045,1.08115,1.081185
1,20200423  10:55:00,1.08142,1.081155,1.081185,1.08142
1,20200423  10:56:00,1.08151,1.081325,1.08142,1.0815
1,20200423  10:57:00,1.081535,1.08131,1.0815,1.081355
1,20200423  10:58:00,1.081505,1.08133,1.081355,1.081355
1,20200423  10:59:00,1.081475,1.08126,1.081355,1.08138
1,20200423  11:00:00,1.081605,1.08122,1.08138,1.081505
1,20200423  11:01:00,1.08159,1.081375,1.081505,1.08159
1,20200423  11:02:00,1.08169,1.081535,1.08159,1.081585
1,20200423  11:03:00,1.081685,1.081535,1.081585,1.08154
1,20200423  11:04:00,1.081585,1.081345,1.08154,1.08135
1,20200423  11:05:00,1.081415,1.08124,1.08135,1.08124
1,20200423  11:06:00,1.081415,1.08116,1.08124,1.081375
1,20200423  11:07:00,1.081565,1.08133,1.081375,1.081395
1,20200423  11:08:00,1.08147,1.081305,1.081395,1.081345
1,20200423  11:09:00,1.081365,1.08111,1.081345,1.081175
1,20200423  11:10:00,1.08132,1.081075,1.081175,1.081265
1,20200423  11:11:00,1.08141,1.08125,1.081265,1.08136
1,20200423  11:12:00,1.081415,1.081285,1.08136,1.081295
1,20200423  11:13:00,1.08141,1.081245,1.081295,1.08125
1,20200423  11:14:00,1.08125,1.08097,1.08125,1.081215
1,20200423  11:15:00,1.081225,1.08093,1.081215,1.081065
1,20200423  11:16:00,1.08119,1.081005,1.081065,1.081065
1,20200423  11:17:00,1.08107,1.080945,1.081065,1.080965
1,20200423  11:18:00,1.081065,1.080895,1.080965,1.080905
1,20200423  11:19:00,1.081155,1.080855,1.080905,1.08104
1,20200423  11:20:00,1.081155,1.08102,1.08104,1.081115
1,20200423  11:21:00,1.0814,1.081065,1.081115,1.08135
1,20200423  11:22:00,1.081535,1.081345,1.08135,1.0815
1,20200423  11:23:00,1.08153,1.081415,1.0815,1.081415
1,20200423  11:24:00,1.081535,1.081415,1.081415,1.0815
1,20200423  11:25:00,1.081505,1.081425,1.0815,1.081465
1,20200423  11:26:00,1.081465,1.08134,1.081465,1.08138
1,20200423  11:27:00,1.08141,1.08132,1.08138,1.081385
1,20200423  11:28:00,1.081565,1.081295,1.081385,1.08148
1,20200423  11:29:00,1.08158,1.08139,1.08148,1.081535
1,20200423  11:30:00,1.081585,1.081435,1.081535,1.08154
1,20200423  11:31:00,1.081615,1.081505,1.08154,1.08157
1,20200423  11:32:00,1.08158,1.081495,1.08157,1.081525
1,20200423  11:33:00,1.08153,1.08134,1.081525,1.081465
1,20200423  11:34:00,1.08156,1.081445,1.081465,1.081475
1,20200423  11:35:00,1.08151,1.08131,1.081475,1.08141
1,20200423  11:36:00,1.081535,1.08141,1.08141,1.081485
1,20200423  11:37:00,1.0815,1.081335,1.081485,1.081445
1,20200423  11:38:00,1.081465,1.08125,1.081445,1.081265
1,20200423  11:39:00,1.081515,1.08124,1.081265,1.081365
1,20200423  11:40:00,1.08158,1.081275,1.081365,1.081535
1,20200423  11:41:00,1.081715,1.08151,1.081535,1.081715
1,20200423  11:42:00,1.08175,1.0816,1.081715,1.081695
1,20200423  11:43:00,1.081825,1.0816,1.081695,1.081785
1,20200423  11:44:00,1.08185,1.081535,1.081785,1.081735
1,20200423  11:45:00,1.081895,1.081325,1.081735,1.081555
1,20200423  11:46:00,1.08165,1.081355,1.081555,1.081485
1,20200423  11:47:00,1.081805,1.08134,1.081485,1.08173
1,20200423  11:48:00,1.081855,1.081425,1.08173,1.081455
1,20200423  11:49:00,1.081475,1.081295,1.081455,1.081315
1,20200423  11:50:00,1.081505,1.081285,1.081315,1.081335
1,20200423  11:51:00,1.081525,1.08125,1.081335,1.08136
1,20200423  11:52:00,1.081435,1.08134,1.08136,1.081415
1,20200423  11:53:00,1.081505,1.08127,1.081415,1.081295
1,20200423  11:54:00,1.08151,1.08129,1.081295,1.081485
1,20200423  11:55:00,1.08152,1.081375,1.081485,1.081375
1,20200423  11:56:00,1.081435,1.08125,1.081375,1.08143
1,20200423  11:57:00,1.08153,1.081375,1.08143,1.081395
1,20200423  11:58:00,1.081475,1.08125,1.081395,1.081475
1,20200423  11:59:00,1.081605,1.081295,1.081475,1.081375
1,20200423  12:00:00,1.081445,1.081065,1.081375,1.081095
1,20200423  12:01:00,1.08136,1.08108,1.081095,1.081315
1,20200423  12:02:00,1.08132,1.08116,1.081315,1.08126
1,20200423  12:03:00,1.08131,1.081075,1.08126,1.08111
1,20200423  12:04:00,1.081155,1.081005,1.08111,1.081005
1,20200423  12:05:00,1.081025,1.080595,1.081005,1.080605
1,20200423  12:06:00,1.08061,1.080015,1.080605,1.080095
1,20200423  12:07:00,1.080155,1.079925,1.080095,1.079985
1,20200423  12:08:00,1.080035,1.079745,1.079985,1.079775
1,20200423  12:09:00,1.08001,1.07968,1.079775,1.079685
1,20200423  12:10:00,1.079775,1.07944,1.079685,1.07977
1,20200423  12:11:00,1.079835,1.079445,1.07977,1.079525
1,20200423  12:12:00,1.07971,1.07948,1.079525,1.0797
1,20200423  12:13:00,1.0798,1.079535,1.0797,1.079695
1,20200423  12:14:00,1.079985,1.079695,1.079695,1.079925
1,20200423  12:15:00,1.079985,1.077965,1.079925,1.078705
1,20200423  12:16:00,1.079275,1.078155,1.078705,1.07873
1,20200423  12:17:00,1.078995,1.07861,1.07873,1.078635
1,20200423  12:18:00,1.078695,1.07812,1.078635,1.07816
1,20200423  12:19:00,1.07853,1.078065,1.07816,1.078105
1,20200423  12:20:00,1.078225,1.077905,1.078105,1.077995
1,20200423  12:21:00,1.07826,1.077995,1.077995,1.07819
1,20200423  12:22:00,1.07819,1.07773,1.07819,1.077815
1,20200423  12:23:00,1.077875,1.077705,1.077815,1.077755
1,20200423  12:24:00,1.077995,1.077735,1.077755,1.077925
1,20200423  12:25:00,1.077935,1.07724,1.077925,1.077385
1,20200423  12:26:00,1.077815,1.077385,1.077385,1.077685
1,20200423  12:27:00,1.077785,1.077465,1.077685,1.07753
1,20200423  12:28:00,1.0779,1.07742,1.07753,1.07788
1,20200423  12:29:00,1.078295,1.07782,1.07788,1.07817
1,20200423  12:30:00,1.078705,1.07808,1.07817,1.078645
1,20200423  12:31:00,1.078865,1.078465,1.078645,1.078835
1,20200423  12:32:00,1.079105,1.078595,1.078835,1.079025
1,20200423  12:33:00,1.079095,1.078825,1.079025,1.078955
1,20200423  12:34:00,1.079015,1.078745,1.078955,1.07885
1,20200423  12:35:00,1.078895,1.07862,1.07885,1.078635
1,20200423  12:36:00,1.078745,1.07852,1.078635,1.078745
1,20200423  12:37:00,1.078895,1.07869,1.078745,1.07875
1,20200423  12:38:00,1.078895,1.078605,1.07875,1.078695
1,20200423  12:39:00,1.07895,1.078695,1.078695,1.078855
1,20200423  12:40:00,1.07895,1.07852,1.078855,1.07861
1,20200423  12:41:00,1.07875,1.07816,1.07861,1.07817
1,20200423  12:42:00,1.078225,1.077865,1.07817,1.078035
1,20200423  12:43:00,1.078175,1.07783,1.078035,1.077915
1,20200423  12:44:00,1.078395,1.077915,1.077915,1.078335
1,20200423  12:45:00,1.078525,1.078055,1.078335,1.07843
1,20200423  12:46:00,1.078505,1.07788,1.07843,1.077885
1,20200423  12:47:00,1.077885,1.077715,1.077885,1.07777
1,20200423  12:48:00,1.077825,1.07755,1.07777,1.077565
1,20200423  12:49:00,1.0776,1.076905,1.077565,1.076915
1,20200423  12:50:00,1.077205,1.076915,1.076915,1.0772
1,20200423  12:51:00,1.077205,1.076805,1.0772,1.07699
1,20200423  12:52:00,1.07711,1.07663,1.07699,1.07667
1,20200423  12:53:00,1.076735,1.076465,1.07667,1.076635
1,20200423  12:54:00,1.07692,1.076445,1.076635,1.076765
1,20200423  12:55:00,1.076965,1.076685,1.076765,1.076765
1,20200423  12:56:00,1.076965,1.076705,1.076765,1.07696
1,20200423  12:57:00,1.076995,1.076725,1.07696,1.07678
1,20200423  12:58:00,1.076825,1.07659,1.07678,1.07659
1,20200423  12:59:00,1.07685,1.07651,1.07659,1.076525
1,20200423  13:00:00,1.07653,1.076195,1.076525,1.076385
1,20200423  13:01:00,1.07712,1.07638,1.076385,1.07711
1,20200423  13:02:00,1.077345,1.077025,1.07711,1.077025
1,20200423  13:03:00,1.077335,1.077015,1.077025,1.07729
1,20200423  13:04:00,1.07742,1.07677,1.07729,1.07677
1,20200423  13:05:00,1.076845,1.076675,1.07677,1.076795
1,20200423  13:06:00,1.076885,1.07668,1.076795,1.076835
1,20200423  13:07:00,1.077175,1.076765,1.076835,1.077135
1,20200423  13:08:00,1.077275,1.07707,1.077135,1.07718
1,20200423  13:09:00,1.077275,1.077075,1.07718,1.077105
1,20200423  13:10:00,1.07734,1.077065,1.077105,1.07734
1,20200423  13:11:00,1.077435,1.077325,1.07734,1.077435
1,20200423  13:12:00,1.077525,1.077265,1.077435,1.0775
1,20200423  13:13:00,1.077615,1.07744,1.0775,1.077445
1,20200423  13:14:00,1.077555,1.077375,1.077445,1.07741
1,20200423  13:15:00,1.077505,1.07738,1.07741,1.07741
1,20200423  13:16:00,1.07754,1.07739,1.07741,1.077425
1,20200423  13:17:00,1.077615,1.077385,1.077425,1.07759
1,20200423  13:18:00,1.077645,1.07738,1.07759,1.07738
1,20200423  13:19:00,1.07738,1.077065,1.07738,1.077085
1,20200423  13:20:00,1.077205,1.077045,1.077085,1.077205
1,20200423  13:21:00,1.077235,1.077055,1.077205,1.077205
1,20200423  13:22:00,1.077265,1.077055,1.077205,1.077175
1,20200423  13:23:00,1.077325,1.077155,1.077175,1.077235
1,20200423  13:24:00,1.077325,1.077205,1.077235,1.07729
1,20200423  13:25:00,1.077325,1.077075,1.07729,1.077205
1,20200423  13:26:00,1.077595,1.077205,1.077205,1.077595
1,20200423  13:27:00,1.077655,1.07748,1.077595,1.077605
1,20200423  13:28:00,1.077805,1.0776,1.077605,1.07776
1,20200423  13:29:00,1.07787,1.077605,1.07776,1.07787
1,20200423  13:30:00,1.078025,1.07782,1.07787,1.07802
1,20200423  13:31:00,1.07811,1.077805,1.07802,1.077815
1,20200423  13:32:00,1.07784,1.077725,1.077815,1.077795
1,20200423  13:33:00,1.07784,1.07777,1.077795,1.077785
1,20200423  13:34:00,1.07781,1.077495,1.077785,1.0775
1,20200423  13:35:00,1.07773,1.077465,1.0775,1.07773
1,20200423  13:36:00,1.077745,1.07757,1.07773,1.07759
1,20200423  13:37:00,1.077745,1.07751,1.07759,1.077725
1,20200423  13:38:00,1.0779,1.077585,1.077725,1.0779
1,20200423  13:39:00,1.07799,1.077825,1.0779,1.07794
1,20200423  13:40:00,1.07798,1.077865,1.07794,1.077915
1,20200423  13:41:00,1.07816,1.077915,1.077915,1.07815
1,20200423  13:42:00,1.078155,1.07801,1.07815,1.078135
1,20200423  13:43:00,1.078205,1.078045,1.078135,1.078205
1,20200423  13:44:00,1.078365,1.07817,1.078205,1.07834
1,20200423  13:45:00,1.078425,1.07818,1.07834,1.078325
1,20200423  13:46:00,1.078335,1.077935,1.078325,1.077935
1,20200423  13:47:00,1.078045,1.077885,1.077935,1.078025
1,20200423  13:48:00,1.078165,1.078,1.078025,1.078125
1,20200423  13:49:00,1.07821,1.07799,1.078125,1.078205
1,20200423  13:50:00,1.078515,1.078185,1.078205,1.078475
1,20200423  13:51:00,1.078515,1.07829,1.078475,1.07839
1,20200423  13:52:00,1.07855,1.07825,1.07839,1.07838
1,20200423  13:53:00,1.0784,1.078255,1.07838,1.07832
1,20200423  13:54:00,1.078595,1.07829,1.07832,1.078475
1,20200423  13:55:00,1.078735,1.078475,1.078475,1.078535
1,20200423  13:56:00,1.078695,1.07852,1.078535,1.07859
1,20200423  13:57:00,1.078635,1.07854,1.07859,1.078625
1,20200423  13:58:00,1.078755,1.078565,1.078625,1.07861
1,20200423  13:59:00,1.078625,1.07849,1.07861,1.078545
1,20200423  14:00:00,1.078815,1.07848,1.078545,1.0786
1,20200423  14:01:00,1.078805,1.078585,1.0786,1.078745
1,20200423  14:02:00,1.078745,1.078395,1.078745,1.07846
1,20200423  14:03:00,1.07852,1.07843,1.07846,1.07848
1,20200423  14:04:00,1.0786,1.078425,1.07848,1.078495
1,20200423  14:05:00,1.078505,1.078345,1.078495,1.07847
1,20200423  14:06:00,1.07863,1.078465,1.07847,1.078615
1,20200423  14:07:00,1.078805,1.078565,1.078615,1.078625
1,20200423  14:08:00,1.07863,1.078515,1.078625,1.07861
1,20200423  14:09:00,1.07861,1.07844,1.07861,1.078455
1,20200423  14:10:00,1.078545,1.07844,1.078455,1.0785
1,20200423  14:11:00,1.0787,1.07844,1.0785,1.07867
1,20200423  14:12:00,1.078805,1.07867,1.07867,1.078765
1,20200423  14:13:00,1.078805,1.078715,1.078765,1.078725
1,20200423  14:14:00,1.078795,1.07864,1.078725,1.078785
1,20200423  14:15:00,1.07887,1.078695,1.078785,1.0787
1,20200423  14:16:00,1.078765,1.078675,1.0787,1.07869
1,20200423  14:17:00,1.07869,1.078275,1.07869,1.078315
1,20200423  14:18:00,1.07852,1.078305,1.078315,1.07852
1,20200423  14:19:00,1.07852,1.07835,1.07852,1.07839
1,20200423  14:20:00,1.07847,1.078245,1.07839,1.078295
1,20200423  14:21:00,1.078325,1.07825,1.078295,1.07826
1,20200423  14:22:00,1.07826,1.07808,1.07826,1.07809
1,20200423  14:23:00,1.078255,1.07808,1.07809,1.078165
1,20200423  14:24:00,1.078375,1.078165,1.078165,1.078285
1,20200423  14:25:00,1.07836,1.07826,1.078285,1.078315
1,20200423  14:26:00,1.078345,1.078205,1.078315,1.078255
1,20200423  14:27:00,1.078345,1.078185,1.078255,1.078345
1,20200423  14:28:00,1.078565,1.07832,1.078345,1.078565
1,20200423  14:29:00,1.07861,1.078525,1.078565,1.07861
1,20200423  14:30:00,1.07861,1.078425,1.07861,1.0786
1,20200423  14:31:00,1.07861,1.07845,1.0786,1.07861
1,20200423  14:32:00,1.078625,1.07845,1.07861,1.07846
1,20200423  14:33:00,1.078525,1.078385,1.07846,1.078385
1,20200423  14:34:00,1.078525,1.07837,1.078385,1.078455
1,20200423  14:35:00,1.078475,1.078255,1.078455,1.07829
1,20200423  14:36:00,1.078455,1.07829,1.07829,1.0784
1,20200423  14:37:00,1.078475,1.07836,1.0784,1.078385
1,20200423  14:38:00,1.078555,1.078385,1.078385,1.078495
1,20200423  14:39:00,1.07851,1.078195,1.078495,1.07825
1,20200423  14:40:00,1.078315,1.0782,1.07825,1.078295
1,20200423  14:41:00,1.078305,1.078195,1.078295,1.078275
1,20200423  14:42:00,1.078275,1.078125,1.078275,1.07813
1,20200423  14:43:00,1.078205,1.07806,1.07813,1.078085
1,20200423  14:44:00,1.07812,1.077995,1.078085,1.078045
1,20200423  14:45:00,1.078055,1.07799,1.078045,1.077995
1,20200423  14:46:00,1.078405,1.077995,1.077995,1.078395
1,20200423  14:47:00,1.078405,1.078315,1.078395,1.078375
1,20200423  14:48:00,1.078395,1.07834,1.078375,1.078385
1,20200423  14:49:00,1.078425,1.078315,1.078385,1.078365
1,20200423  14:50:00,1.07843,1.078305,1.078365,1.07839
1,20200423  14:51:00,1.0785,1.07838,1.07839,1.078495
1,20200423  14:52:00,1.0786,1.07843,1.078495,1.078465
1,20200423  14:53:00,1.078505,1.07827,1.078465,1.07829
1,20200423  14:54:00,1.078305,1.078115,1.07829,1.078125
1,20200423  14:55:00,1.07814,1.077995,1.078125,1.07806
1,20200423  14:56:00,1.078165,1.078045,1.07806,1.078085
1,20200423  14:57:00,1.07809,1.07795,1.078085,1.07799
1,20200423  14:58:00,1.078295,1.077975,1.07799,1.078095
1,20200423  14:59:00,1.07826,1.078055,1.078095,1.07822
1,20200423  15:00:00,1.07829,1.077935,1.07822,1.077995
1,20200423  15:01:00,1.078045,1.077935,1.077995,1.077935
1,20200423  15:02:00,1.078065,1.077925,1.077935,1.07806
1,20200423  15:03:00,1.078065,1.077905,1.07806,1.077905
1,20200423  15:04:00,1.077905,1.077675,1.077905,1.0777
1,20200423  15:05:00,1.07773,1.077695,1.0777,1.077695
1,20200423  15:06:00,1.077745,1.07769,1.077695,1.077695
1,20200423  15:07:00,1.0777,1.07765,1.077695,1.07765
1,20200423  15:08:00,1.07773,1.07765,1.07765,1.07765
1,20200423  15:09:00,1.077655,1.07764,1.07765,1.07764
1,20200423  15:10:00,1.07769,1.077465,1.07764,1.07747
1,20200423  15:11:00,1.077475,1.077345,1.07747,1.077345
1,20200423  15:12:00,1.077345,1.07725,1.077345,1.077285
1,20200423  15:13:00,1.0773,1.0772,1.077285,1.07724
1,20200423  15:14:00,1.077255,1.0772,1.07724,1.077235
1,20200423  15:15:00,1.077235,1.077185,1.077235,1.077235
1,20200423  15:16:00,1.077245,1.077185,1.077235,1.07721
1,20200423  15:17:00,1.07721,1.077075,1.07721,1.077075
1,20200423  15:18:00,1.07725,1.077075,1.077075,1.07719
1,20200423  15:19:00,1.0772,1.077125,1.07719,1.077145
1,20200423  15:20:00,1.07719,1.077145,1.077145,1.077185
1,20200423  15:21:00,1.07719,1.077145,1.077185,1.077175
1,20200423  15:22:00,1.077275,1.077145,1.077175,1.07727
1,20200423  15:23:00,1.077285,1.077185,1.07727,1.077225
1,20200423  15:24:00,1.077245,1.07721,1.077225,1.07721
1,20200423  15:25:00,1.07724,1.0772,1.07721,1.07721
1,20200423  15:26:00,1.077245,1.076985,1.07721,1.077005
1,20200423  15:27:00,1.077035,1.07677,1.077005,1.076795
1,20200423  15:28:00,1.07686,1.076515,1.076795,1.07679
1,20200423  15:29:00,1.07679,1.07659,1.07679,1.07674
1,20200423  15:30:00,1.076825,1.076715,1.07674,1.076715
1,20200423  15:31:00,1.07673,1.076585,1.076715,1.076655
1,20200423  15:32:00,1.076805,1.076635,1.076655,1.07677
1,20200423  15:33:00,1.076805,1.076675,1.07677,1.076695
1,20200423  15:34:00,1.076735,1.07668,1.0767,1.076725
A1,20200423  15:34:00,1.076745,1.07668,1.0767,1.07674
A1,20200423  15:35:00,1.07685,1.076705,1.07674,1.07685
A1,20200423  15:36:00,1.076925,1.076835,1.07685,1.07692
A1,20200423  15:37:00,1.07693,1.076855,1.07692,1.076855
A1,20200423  15:38:00,1.076885,1.07653,1.076855,1.07653
A1,20200423  15:39:00,1.076765,1.0765,1.07653,1.07674
A1,20200423  15:40:00,1.07686,1.076695,1.07674,1.076855
A1,20200423  15:41:00,1.077145,1.076765,1.076855,1.077035
A1,20200423  15:42:00,1.077215,1.07694,1.077035,1.077185
A1,20200423  15:43:00,1.07741,1.077185,1.077185,1.07728
A1,20200423  15:44:00,1.07754,1.07716,1.07728,1.07751
A1,20200423  15:45:00,1.07751,1.077145,1.07751,1.07733
A1,20200423  15:46:00,1.07746,1.07733,1.07733,1.07746
A1,20200423  15:47:00,1.077735,1.07745,1.07746,1.077705
A1,20200423  15:48:00,1.07778,1.07762,1.077705,1.077715
