31,27042020  11:57:02,30,1545012202,0,Submitted,0.0,30.0,0.0,0.0
32,27042020  11:57:02,30,1545012201,0,Submitted,0.0,30.0,0.0,0.0
31,27042020  11:57:05,30,1545012202,0,PendingCancel,0.0,0.0,0.0,0.0
31,27042020  11:57:05,30,1545012202,0,PendingCancel,0.0,0.0,0.0,0.0
32,27042020  11:57:05,30,1545012201,0,Filled,30.0,0.0,1.08202,1.08202
32,27042020  11:57:05,30,1545012201,0,Filled,30.0,0.0,1.08202,1.08202
31,27042020  11:57:05,30,1545012202,0,Cancelled,0.0,0.0,0.0,0.0
33,27042020  11:57:31,0,1545012203,0,PreSubmitted,0.0,30.0,0.0,0.0
33,27042020  11:57:31,0,1545012203,0,PreSubmitted,1.0,29.0,2.5,2.5
33,27042020  11:57:31,0,1545012203,0,Filled,30.0,0.0,2.5,2.5
33,27042020  11:57:31,0,1545012203,0,Filled,30.0,0.0,2.5,2.5
33,27042020  11:57:31,0,1545012203,0,Filled,30.0,0.0,2.5,2.5
