1010101439,22042020  13:26:58,1010101438,1397786995,0,Submitted,0.0,100.0,0.0,0.0
1010101440,22042020  13:26:58,1010101438,1397786996,0,PreSubmitted,0.0,100.0,0.0,0.0
1010101441,22042020  13:27:07,0,1397786997,0,PreSubmitted,0.0,100.0,0.0,0.0
1010101442,22042020  13:27:07,1010101441,1397786998,0,PreSubmitted,0.0,100.0,0.0,0.0
1010101442,22042020  13:27:07,1010101441,1397786998,0,PreSubmitted,0.0,100.0,0.0,0.0
1010101442,22042020  13:27:07,1010101441,1397786998,0,PreSubmitted,0.0,100.0,0.0,0.0
1010101441,22042020  13:27:08,0,1397786997,0,Submitted,0.0,100.0,0.0,0.0
1010101443,22042020  13:27:08,1010101441,1397786999,0,PreSubmitted,0.0,100.0,0.0,0.0
1010101443,22042020  13:27:08,1010101441,1397786999,0,PreSubmitted,0.0,100.0,0.0,0.0
1010101442,22042020  13:27:08,1010101441,1397786998,0,PreSubmitted,0.0,100.0,0.0,0.0
1010101443,22042020  13:27:08,1010101441,1397786999,0,PreSubmitted,0.0,100.0,0.0,0.0
1010101442,22042020  13:27:08,1010101441,1397786998,0,PreSubmitted,0.0,100.0,0.0,0.0
1010101443,22042020  13:27:09,1010101441,1397786999,0,PendingSubmit,0.0,100.0,0.0,0.0
1010101442,22042020  13:27:09,1010101441,1397786998,0,PreSubmitted,0.0,100.0,0.0,0.0
1010101443,22042020  13:27:09,1010101441,1397786999,0,PendingSubmit,0.0,100.0,0.0,0.0
1010101442,22042020  13:27:09,1010101441,1397786998,0,PendingSubmit,0.0,100.0,0.0,0.0
1010101443,22042020  13:27:09,1010101441,1397786999,0,PendingSubmit,0.0,100.0,0.0,0.0
1010101442,22042020  13:27:10,1010101441,1397786998,0,PreSubmitted,0.0,100.0,0.0,0.0
1010101443,22042020  13:27:10,1010101441,1397786999,0,PreSubmitted,0.0,100.0,0.0,0.0
1010101442,22042020  13:27:12,1010101441,1397786998,0,PreSubmitted,0.0,100.0,0.0,0.0
1010101443,22042020  13:27:12,1010101441,1397786999,0,PreSubmitted,0.0,100.0,0.0,0.0
1010101442,22042020  13:27:15,1010101441,1397786998,0,PreSubmitted,0.0,100.0,0.0,0.0
1010101443,22042020  13:27:15,1010101441,1397786999,0,PreSubmitted,0.0,100.0,0.0,0.0
1010101442,22042020  13:27:15,1010101441,1397786998,0,PreSubmitted,0.0,100.0,0.0,0.0
1010101443,22042020  13:27:15,1010101441,1397786999,0,PreSubmitted,0.0,100.0,0.0,0.0
1010101442,22042020  13:27:19,1010101441,1397786998,0,PendingSubmit,0.0,100.0,0.0,0.0
1010101443,22042020  13:27:19,1010101441,1397786999,0,PendingSubmit,0.0,100.0,0.0,0.0
1010101443,22042020  13:27:19,1010101441,1397786999,0,PendingSubmit,0.0,100.0,0.0,0.0
1010101443,22042020  13:27:19,1010101441,1397786999,0,PendingSubmit,0.0,100.0,0.0,0.0
1010101441,22042020  13:27:19,0,1397786997,0,Filled,100.0,0.0,1.08151,1.08151
1010101441,22042020  13:27:19,0,1397786997,0,Filled,100.0,0.0,1.08151,1.08151
1010101442,22042020  13:27:19,1010101441,1397786998,0,PendingSubmit,0.0,100.0,0.0,0.0
1010101442,22042020  13:27:19,1010101441,1397786998,0,PendingSubmit,0.0,100.0,0.0,0.0
1010101442,22042020  13:27:19,1010101441,1397786998,0,PendingSubmit,0.0,100.0,0.0,0.0
1010101443,22042020  13:27:19,1010101441,1397786999,0,PendingSubmit,0.0,100.0,0.0,0.0
1010101443,22042020  13:27:19,1010101441,1397786999,0,PendingSubmit,0.0,100.0,0.0,0.0
1010101442,22042020  13:27:19,1010101441,1397786998,0,PendingSubmit,0.0,100.0,0.0,0.0
1010101442,22042020  13:27:19,1010101441,1397786998,0,PendingSubmit,0.0,100.0,0.0,0.0
1010101443,22042020  13:27:20,1010101441,1397786999,0,PendingSubmit,0.0,100.0,0.0,0.0
1010101443,22042020  13:27:20,1010101441,1397786999,0,PreSubmitted,0.0,100.0,0.0,0.0
1010101442,22042020  13:27:20,1010101441,1397786998,0,Submitted,0.0,100.0,0.0,0.0
1010101442,22042020  13:27:25,1010101441,1397786998,0,Submitted,0.0,100.0,0.0,0.0
1010101443,22042020  13:27:25,1010101441,1397786999,0,PendingSubmit,0.0,100.0,0.0,0.0
1010101443,22042020  13:27:25,1010101441,1397786999,0,PreSubmitted,0.0,100.0,0.0,0.0
1010101442,22042020  13:27:25,1010101441,1397786998,0,Submitted,0.0,100.0,0.0,0.0
1010101442,22042020  13:27:25,1010101441,1397786998,0,PendingSubmit,0.0,100.0,0.0,0.0
1010101443,22042020  13:27:25,1010101441,1397786999,0,PendingSubmit,0.0,100.0,0.0,0.0
1010101443,22042020  13:27:26,1010101441,1397786999,0,PreSubmitted,0.0,100.0,0.0,0.0
1010101442,22042020  13:27:26,1010101441,1397786998,0,Submitted,0.0,100.0,0.0,0.0
1010101442,22042020  13:27:26,1010101441,1397786998,0,Submitted,0.0,100.0,0.0,0.0
1010101443,22042020  13:27:26,1010101441,1397786999,0,PreSubmitted,0.0,100.0,0.0,0.0
1010101442,22042020  13:27:29,1010101441,1397786998,0,Submitted,0.0,100.0,0.0,0.0
1010101443,22042020  13:27:29,1010101441,1397786999,0,PendingSubmit,0.0,100.0,0.0,0.0
1010101443,22042020  13:27:29,1010101441,1397786999,0,PreSubmitted,0.0,100.0,0.0,0.0
1010101442,22042020  13:27:30,1010101441,1397786998,0,Submitted,0.0,100.0,0.0,0.0
1010101442,22042020  13:27:30,1010101441,1397786998,0,Submitted,0.0,100.0,0.0,0.0
1010101443,22042020  13:27:30,1010101441,1397786999,0,PendingSubmit,0.0,100.0,0.0,0.0
1010101443,22042020  13:27:30,1010101441,1397786999,0,PreSubmitted,0.0,100.0,0.0,0.0
1010101442,22042020  13:27:30,1010101441,1397786998,0,Submitted,0.0,100.0,0.0,0.0
1010101442,22042020  13:27:34,1010101441,1397786998,0,PendingSubmit,0.0,100.0,0.0,0.0
1010101443,22042020  13:27:34,1010101441,1397786999,0,PendingSubmit,0.0,100.0,0.0,0.0
1010101443,22042020  13:27:34,1010101441,1397786999,0,PreSubmitted,0.0,100.0,0.0,0.0
1010101442,22042020  13:27:34,1010101441,1397786998,0,Submitted,0.0,100.0,0.0,0.0
1010101442,22042020  13:27:34,1010101441,1397786998,0,Submitted,0.0,100.0,0.0,0.0
1010101443,22042020  13:27:34,1010101441,1397786999,0,PreSubmitted,0.0,100.0,0.0,0.0
1010101442,22042020  13:27:35,1010101441,1397786998,0,Submitted,0.0,100.0,0.0,0.0
1010101443,22042020  13:27:35,1010101441,1397786999,0,PendingSubmit,0.0,100.0,0.0,0.0
1010101442,22042020  13:27:35,1010101441,1397786998,0,Submitted,0.0,100.0,0.0,0.0
1010101443,22042020  13:27:35,1010101441,1397786999,0,PreSubmitted,0.0,100.0,0.0,0.0
1010101442,22042020  13:27:36,1010101441,1397786998,0,Submitted,0.0,100.0,0.0,0.0
1010101443,22042020  13:27:36,1010101441,1397786999,0,PendingSubmit,0.0,100.0,0.0,0.0
1010101443,22042020  13:27:36,1010101441,1397786999,0,PreSubmitted,0.0,100.0,0.0,0.0
1010101442,22042020  13:27:36,1010101441,1397786998,0,Submitted,0.0,100.0,0.0,0.0
1010101442,22042020  13:27:39,1010101441,1397786998,0,PendingSubmit,0.0,100.0,0.0,0.0
1010101443,22042020  13:27:39,1010101441,1397786999,0,PendingSubmit,0.0,100.0,0.0,0.0
1010101443,22042020  13:27:39,1010101441,1397786999,0,PreSubmitted,0.0,100.0,0.0,0.0
1010101442,22042020  13:27:39,1010101441,1397786998,0,PendingSubmit,0.0,100.0,0.0,0.0
1010101442,22042020  13:27:39,1010101441,1397786998,0,PendingSubmit,0.0,100.0,0.0,0.0
1010101443,22042020  13:27:39,1010101441,1397786999,0,PendingSubmit,0.0,100.0,0.0,0.0
1010101443,22042020  13:27:39,1010101441,1397786999,0,PreSubmitted,0.0,100.0,0.0,0.0
1010101442,22042020  13:27:39,1010101441,1397786998,0,Submitted,0.0,100.0,0.0,0.0
1010101442,22042020  13:27:41,1010101441,1397786998,0,PendingSubmit,0.0,100.0,0.0,0.0
1010101443,22042020  13:27:41,1010101441,1397786999,0,PendingSubmit,0.0,100.0,0.0,0.0
1010101443,22042020  13:27:41,1010101441,1397786999,0,PreSubmitted,0.0,100.0,0.0,0.0
1010101442,22042020  13:27:41,1010101441,1397786998,0,Submitted,0.0,100.0,0.0,0.0
1010101442,22042020  13:27:44,1010101441,1397786998,0,PendingSubmit,0.0,100.0,0.0,0.0
1010101443,22042020  13:27:44,1010101441,1397786999,0,PendingSubmit,0.0,100.0,0.0,0.0
1010101443,22042020  13:27:45,1010101441,1397786999,0,PreSubmitted,0.0,100.0,0.0,0.0
1010101442,22042020  13:27:45,1010101441,1397786998,0,Submitted,0.0,100.0,0.0,0.0
1010101442,22042020  13:27:47,1010101441,1397786998,0,Submitted,0.0,100.0,0.0,0.0
1010101443,22042020  13:27:47,1010101441,1397786999,0,PreSubmitted,0.0,100.0,0.0,0.0
1010101442,22042020  13:27:49,1010101441,1397786998,0,PendingSubmit,0.0,100.0,0.0,0.0
1010101443,22042020  13:27:49,1010101441,1397786999,0,PendingSubmit,0.0,100.0,0.0,0.0
1010101443,22042020  13:27:49,1010101441,1397786999,0,PreSubmitted,0.0,100.0,0.0,0.0
1010101442,22042020  13:27:49,1010101441,1397786998,0,Submitted,0.0,100.0,0.0,0.0
1010101442,22042020  13:27:55,1010101441,1397786998,0,Submitted,0.0,100.0,0.0,0.0
1010101443,22042020  13:27:55,1010101441,1397786999,0,PendingSubmit,0.0,100.0,0.0,0.0
1010101443,22042020  13:27:55,1010101441,1397786999,0,PreSubmitted,0.0,100.0,0.0,0.0
1010101442,22042020  13:27:55,1010101441,1397786998,0,Submitted,0.0,100.0,0.0,0.0
1010101442,22042020  13:27:55,1010101441,1397786998,0,Submitted,0.0,100.0,0.0,0.0
1010101443,22042020  13:27:56,1010101441,1397786999,0,PreSubmitted,0.0,100.0,0.0,0.0
1010101442,22042020  13:27:59,1010101441,1397786998,0,Submitted,0.0,100.0,0.0,0.0
1010101443,22042020  13:28:00,1010101441,1397786999,0,PendingSubmit,0.0,100.0,0.0,0.0
1010101443,22042020  13:28:00,1010101441,1397786999,0,PreSubmitted,0.0,100.0,0.0,0.0
1010101442,22042020  13:28:00,1010101441,1397786998,0,Submitted,0.0,100.0,0.0,0.0
1010101442,22042020  13:28:04,1010101441,1397786998,0,Submitted,0.0,100.0,0.0,0.0
1010101443,22042020  13:28:04,1010101441,1397786999,0,PendingSubmit,0.0,100.0,0.0,0.0
1010101443,22042020  13:28:04,1010101441,1397786999,0,PendingSubmit,0.0,100.0,0.0,0.0
1010101442,22042020  13:28:04,1010101441,1397786998,0,PendingSubmit,0.0,100.0,0.0,0.0
1010101443,22042020  13:28:04,1010101441,1397786999,0,PendingSubmit,0.0,100.0,0.0,0.0
1010101442,22042020  13:28:04,1010101441,1397786998,0,PendingSubmit,0.0,100.0,0.0,0.0
1010101443,22042020  13:28:05,1010101441,1397786999,0,PreSubmitted,0.0,100.0,0.0,0.0
1010101442,22042020  13:28:05,1010101441,1397786998,0,Submitted,0.0,100.0,0.0,0.0
1010101442,22042020  13:28:05,1010101441,1397786998,0,Submitted,0.0,100.0,0.0,0.0
1010101443,22042020  13:28:05,1010101441,1397786999,0,PreSubmitted,0.0,100.0,0.0,0.0
1010101442,22042020  13:28:06,1010101441,1397786998,0,Submitted,0.0,100.0,0.0,0.0
1010101443,22042020  13:28:06,1010101441,1397786999,0,PendingSubmit,0.0,100.0,0.0,0.0
1010101443,22042020  13:28:06,1010101441,1397786999,0,PreSubmitted,0.0,100.0,0.0,0.0
1010101442,22042020  13:28:06,1010101441,1397786998,0,Submitted,0.0,100.0,0.0,0.0
1010101442,22042020  13:28:08,1010101441,1397786998,0,PendingSubmit,0.0,100.0,0.0,0.0
1010101443,22042020  13:28:08,1010101441,1397786999,0,PendingSubmit,0.0,100.0,0.0,0.0
1010101443,22042020  13:28:08,1010101441,1397786999,0,PreSubmitted,0.0,100.0,0.0,0.0
1010101442,22042020  13:28:08,1010101441,1397786998,0,Submitted,0.0,100.0,0.0,0.0
1010101442,22042020  13:28:09,1010101441,1397786998,0,Submitted,0.0,100.0,0.0,0.0
1010101443,22042020  13:28:09,1010101441,1397786999,0,PreSubmitted,0.0,100.0,0.0,0.0
1010101442,22042020  13:28:10,1010101441,1397786998,0,PendingSubmit,0.0,100.0,0.0,0.0
1010101443,22042020  13:28:10,1010101441,1397786999,0,PendingSubmit,0.0,100.0,0.0,0.0
1010101443,22042020  13:28:10,1010101441,1397786999,0,PreSubmitted,0.0,100.0,0.0,0.0
1010101442,22042020  13:28:10,1010101441,1397786998,0,Submitted,0.0,100.0,0.0,0.0
1010101442,22042020  13:28:14,1010101441,1397786998,0,Submitted,0.0,100.0,0.0,0.0
1010101443,22042020  13:28:14,1010101441,1397786999,0,PendingSubmit,0.0,100.0,0.0,0.0
1010101443,22042020  13:28:14,1010101441,1397786999,0,PendingSubmit,0.0,100.0,0.0,0.0
1010101442,22042020  13:28:14,1010101441,1397786998,0,PendingSubmit,0.0,100.0,0.0,0.0
1010101443,22042020  13:28:14,1010101441,1397786999,0,PreSubmitted,0.0,100.0,0.0,0.0
1010101442,22042020  13:28:14,1010101441,1397786998,0,Submitted,0.0,100.0,0.0,0.0
1010101442,22042020  13:28:16,1010101441,1397786998,0,Submitted,0.0,100.0,0.0,0.0
1010101443,22042020  13:28:16,1010101441,1397786999,0,PendingSubmit,0.0,100.0,0.0,0.0
1010101443,22042020  13:28:16,1010101441,1397786999,0,PreSubmitted,0.0,100.0,0.0,0.0
1010101442,22042020  13:28:17,1010101441,1397786998,0,Submitted,0.0,100.0,0.0,0.0
1010101442,22042020  13:28:17,1010101441,1397786998,0,Submitted,0.0,100.0,0.0,0.0
1010101443,22042020  13:28:17,1010101441,1397786999,0,PreSubmitted,0.0,100.0,0.0,0.0
1010101442,22042020  13:28:20,1010101441,1397786998,0,Submitted,0.0,100.0,0.0,0.0
1010101443,22042020  13:28:20,1010101441,1397786999,0,PendingSubmit,0.0,100.0,0.0,0.0
1010101443,22042020  13:28:20,1010101441,1397786999,0,PreSubmitted,0.0,100.0,0.0,0.0
1010101442,22042020  13:28:20,1010101441,1397786998,0,Submitted,0.0,100.0,0.0,0.0
1010101442,22042020  13:28:25,1010101441,1397786998,0,Submitted,0.0,100.0,0.0,0.0
1010101443,22042020  13:28:25,1010101441,1397786999,0,PendingSubmit,0.0,100.0,0.0,0.0
1010101443,22042020  13:28:25,1010101441,1397786999,0,PreSubmitted,0.0,100.0,0.0,0.0
1010101442,22042020  13:28:25,1010101441,1397786998,0,PendingSubmit,0.0,100.0,0.0,0.0
1010101442,22042020  13:28:25,1010101441,1397786998,0,PendingSubmit,0.0,100.0,0.0,0.0
1010101443,22042020  13:28:25,1010101441,1397786999,0,PendingSubmit,0.0,100.0,0.0,0.0
1010101443,22042020  13:28:25,1010101441,1397786999,0,PreSubmitted,0.0,100.0,0.0,0.0
1010101442,22042020  13:28:25,1010101441,1397786998,0,Submitted,0.0,100.0,0.0,0.0
1010101442,22042020  13:28:27,1010101441,1397786998,0,Submitted,0.0,100.0,0.0,0.0
1010101443,22042020  13:28:28,1010101441,1397786999,0,PreSubmitted,0.0,100.0,0.0,0.0
1010101440,22042020  13:28:28,1010101438,1397786996,0,PreSubmitted,0.0,100.0,0.0,0.0
1010101440,22042020  13:28:28,1010101438,1397786996,0,PreSubmitted,0.0,100.0,0.0,0.0
1010101440,22042020  13:28:28,1010101438,1397786996,0,Submitted,0.0,100.0,0.0,0.0
1010101442,22042020  13:28:28,1010101441,1397786998,0,Submitted,0.0,100.0,0.0,0.0
1010101443,22042020  13:28:28,1010101441,1397786999,0,PreSubmitted,0.0,100.0,0.0,0.0
1010101442,22042020  13:28:30,1010101441,1397786998,0,PendingSubmit,0.0,100.0,0.0,0.0
1010101443,22042020  13:28:30,1010101441,1397786999,0,PendingSubmit,0.0,100.0,0.0,0.0
1010101443,22042020  13:28:30,1010101441,1397786999,0,PreSubmitted,0.0,100.0,0.0,0.0
1010101442,22042020  13:28:30,1010101441,1397786998,0,Submitted,0.0,100.0,0.0,0.0
1010101442,22042020  13:28:30,1010101441,1397786998,0,PendingSubmit,0.0,100.0,0.0,0.0
1010101443,22042020  13:28:30,1010101441,1397786999,0,PendingSubmit,0.0,100.0,0.0,0.0
1010101443,22042020  13:28:30,1010101441,1397786999,0,PreSubmitted,0.0,100.0,0.0,0.0
1010101442,22042020  13:28:30,1010101441,1397786998,0,Submitted,0.0,100.0,0.0,0.0
1010101443,22042020  13:28:31,1010101441,1397786999,0,PreSubmitted,0.0,100.0,0.0,0.0
1010101442,22042020  13:28:31,1010101441,1397786998,0,PendingSubmit,0.0,100.0,0.0,0.0
1010101443,22042020  13:28:31,1010101441,1397786999,0,PendingSubmit,0.0,100.0,0.0,0.0
1010101443,22042020  13:28:31,1010101441,1397786999,0,PreSubmitted,0.0,100.0,0.0,0.0
1010101442,22042020  13:28:31,1010101441,1397786998,0,Submitted,0.0,100.0,0.0,0.0
1010101442,22042020  13:28:31,1010101441,1397786998,0,Submitted,0.0,100.0,0.0,0.0
1010101443,22042020  13:28:31,1010101441,1397786999,0,PendingSubmit,0.0,100.0,0.0,0.0
1010101443,22042020  13:28:31,1010101441,1397786999,0,PreSubmitted,0.0,100.0,0.0,0.0
1010101442,22042020  13:28:31,1010101441,1397786998,0,PendingSubmit,0.0,100.0,0.0,0.0
1010101442,22042020  13:28:31,1010101441,1397786998,0,PendingSubmit,0.0,100.0,0.0,0.0
1010101443,22042020  13:28:32,1010101441,1397786999,0,PendingSubmit,0.0,100.0,0.0,0.0
1010101443,22042020  13:28:32,1010101441,1397786999,0,PreSubmitted,0.0,100.0,0.0,0.0
1010101442,22042020  13:28:32,1010101441,1397786998,0,Submitted,0.0,100.0,0.0,0.0
1010101443,22042020  13:28:34,1010101441,1397786999,0,PreSubmitted,0.0,100.0,0.0,0.0
1010101443,22042020  13:28:35,1010101441,1397786999,0,PendingSubmit,0.0,100.0,0.0,0.0
1010101442,22042020  13:28:35,1010101441,1397786998,0,PendingSubmit,0.0,100.0,0.0,0.0
1010101443,22042020  13:28:35,1010101441,1397786999,0,PendingSubmit,0.0,100.0,0.0,0.0
1010101443,22042020  13:28:35,1010101441,1397786999,0,PreSubmitted,0.0,100.0,0.0,0.0
1010101443,22042020  13:28:35,1010101441,1397786999,0,PreSubmitted,0.0,100.0,0.0,0.0
1010101442,22042020  13:28:35,1010101441,1397786998,0,Submitted,0.0,100.0,0.0,0.0
1010101439,22042020  13:28:35,1010101438,1397786995,0,PendingCancel,0.0,0.0,0.0,0.0
1010101439,22042020  13:28:35,1010101438,1397786995,0,PendingCancel,0.0,0.0,0.0,0.0
1010101440,22042020  13:28:35,1010101438,1397786996,0,Filled,100.0,0.0,1.08155,1.08155
1010101439,22042020  13:28:35,1010101438,1397786995,0,Cancelled,0.0,0.0,0.0,0.0
1010101440,22042020  13:28:35,1010101438,1397786996,0,Filled,100.0,0.0,1.08155,1.08155
1010101442,22042020  13:28:35,1010101441,1397786998,0,PendingSubmit,0.0,100.0,0.0,0.0
1010101442,22042020  13:28:35,1010101441,1397786998,0,Submitted,0.0,100.0,0.0,0.0
1010101442,22042020  13:28:36,1010101441,1397786998,0,Submitted,0.0,100.0,0.0,0.0
1010101442,22042020  13:28:40,1010101441,1397786998,0,Submitted,0.0,100.0,0.0,0.0
1010101443,22042020  13:28:40,1010101441,1397786999,0,PreSubmitted,0.0,100.0,0.0,0.0
1010101443,22042020  13:28:40,1010101441,1397786999,0,PreSubmitted,0.0,100.0,0.0,0.0
1010101443,22042020  13:28:40,1010101441,1397786999,0,PreSubmitted,0.0,100.0,0.0,0.0
1010101443,22042020  13:28:40,1010101441,1397786999,0,PreSubmitted,0.0,100.0,0.0,0.0
1010101443,22042020  13:28:40,1010101441,1397786999,0,PreSubmitted,0.0,100.0,0.0,0.0
1010101443,22042020  13:28:40,1010101441,1397786999,0,PreSubmitted,0.0,100.0,0.0,0.0
1010101443,22042020  13:28:40,1010101441,1397786999,0,PreSubmitted,0.0,100.0,0.0,0.0
1010101443,22042020  13:28:40,1010101441,1397786999,0,PreSubmitted,0.0,100.0,0.0,0.0
1010101443,22042020  13:28:40,1010101441,1397786999,0,PreSubmitted,0.0,100.0,0.0,0.0
1010101443,22042020  13:28:40,1010101441,1397786999,0,PreSubmitted,0.0,100.0,0.0,0.0
1010101442,22042020  13:28:40,1010101441,1397786998,0,Submitted,0.0,100.0,0.0,0.0
1010101442,22042020  13:28:45,1010101441,1397786998,0,Submitted,0.0,100.0,0.0,0.0
1010101442,22042020  13:28:45,1010101441,1397786998,0,Submitted,0.0,100.0,0.0,0.0
1010101442,22042020  13:28:48,1010101441,1397786998,0,PendingSubmit,0.0,100.0,0.0,0.0
1010101442,22042020  13:28:48,1010101441,1397786998,0,Submitted,0.0,100.0,0.0,0.0
1010101442,22042020  13:28:49,1010101441,1397786998,0,Submitted,0.0,100.0,0.0,0.0
1010101442,22042020  13:28:49,1010101441,1397786998,0,Submitted,0.0,100.0,0.0,0.0
1010101442,22042020  13:28:50,1010101441,1397786998,0,Submitted,0.0,100.0,0.0,0.0
1010101443,22042020  13:28:50,1010101441,1397786999,0,PreSubmitted,0.0,100.0,0.0,0.0
1010101443,22042020  13:28:50,1010101441,1397786999,0,PreSubmitted,0.0,100.0,0.0,0.0
1010101443,22042020  13:28:50,1010101441,1397786999,0,PreSubmitted,0.0,100.0,0.0,0.0
1010101443,22042020  13:28:50,1010101441,1397786999,0,PreSubmitted,0.0,100.0,0.0,0.0
1010101443,22042020  13:28:50,1010101441,1397786999,0,PreSubmitted,0.0,100.0,0.0,0.0
1010101443,22042020  13:28:50,1010101441,1397786999,0,PreSubmitted,0.0,100.0,0.0,0.0
1010101443,22042020  13:28:50,1010101441,1397786999,0,PreSubmitted,0.0,100.0,0.0,0.0
1010101443,22042020  13:28:50,1010101441,1397786999,0,PreSubmitted,0.0,100.0,0.0,0.0
1010101443,22042020  13:28:50,1010101441,1397786999,0,PreSubmitted,0.0,100.0,0.0,0.0
1010101443,22042020  13:28:50,1010101441,1397786999,0,PreSubmitted,0.0,100.0,0.0,0.0
1010101443,22042020  13:28:50,1010101441,1397786999,0,PreSubmitted,0.0,100.0,0.0,0.0
1010101443,22042020  13:28:50,1010101441,1397786999,0,PreSubmitted,0.0,100.0,0.0,0.0
1010101443,22042020  13:28:50,1010101441,1397786999,0,PreSubmitted,0.0,100.0,0.0,0.0
1010101443,22042020  13:28:50,1010101441,1397786999,0,PreSubmitted,0.0,100.0,0.0,0.0
1010101443,22042020  13:28:50,1010101441,1397786999,0,PreSubmitted,0.0,100.0,0.0,0.0
1010101443,22042020  13:28:50,1010101441,1397786999,0,PreSubmitted,0.0,100.0,0.0,0.0
1010101442,22042020  13:28:52,1010101441,1397786998,0,PendingSubmit,0.0,100.0,0.0,0.0
1010101442,22042020  13:28:52,1010101441,1397786998,0,PendingSubmit,0.0,100.0,0.0,0.0
1010101442,22042020  13:28:52,1010101441,1397786998,0,Submitted,0.0,100.0,0.0,0.0
1010101442,22042020  13:28:52,1010101441,1397786998,0,Submitted,0.0,100.0,0.0,0.0
1010101442,22042020  13:28:52,1010101441,1397786998,0,PendingSubmit,0.0,100.0,0.0,0.0
1010101442,22042020  13:28:52,1010101441,1397786998,0,Submitted,0.0,100.0,0.0,0.0
1010101442,22042020  13:28:53,1010101441,1397786998,0,Submitted,0.0,100.0,0.0,0.0
1010101442,22042020  13:28:55,1010101441,1397786998,0,Submitted,0.0,100.0,0.0,0.0
1010101442,22042020  13:28:55,1010101441,1397786998,0,Submitted,0.0,100.0,0.0,0.0
1010101442,22042020  13:28:56,1010101441,1397786998,0,Submitted,0.0,100.0,0.0,0.0
1010101442,22042020  13:29:00,1010101441,1397786998,0,Submitted,0.0,100.0,0.0,0.0
1010101442,22042020  13:29:00,1010101441,1397786998,0,Submitted,0.0,100.0,0.0,0.0
1010101443,22042020  13:29:05,1010101441,1397786999,0,PreSubmitted,0.0,100.0,0.0,0.0
1010101443,22042020  13:29:05,1010101441,1397786999,0,PreSubmitted,0.0,100.0,0.0,0.0
1010101443,22042020  13:29:05,1010101441,1397786999,0,PreSubmitted,0.0,100.0,0.0,0.0
1010101443,22042020  13:29:05,1010101441,1397786999,0,PreSubmitted,0.0,100.0,0.0,0.0
1010101443,22042020  13:29:05,1010101441,1397786999,0,PreSubmitted,0.0,100.0,0.0,0.0
1010101443,22042020  13:29:05,1010101441,1397786999,0,PreSubmitted,0.0,100.0,0.0,0.0
1010101443,22042020  13:29:05,1010101441,1397786999,0,PreSubmitted,0.0,100.0,0.0,0.0
1010101443,22042020  13:29:05,1010101441,1397786999,0,PreSubmitted,0.0,100.0,0.0,0.0
1010101443,22042020  13:29:05,1010101441,1397786999,0,PreSubmitted,0.0,100.0,0.0,0.0
1010101443,22042020  13:29:05,1010101441,1397786999,0,PreSubmitted,0.0,100.0,0.0,0.0
1010101443,22042020  13:29:05,1010101441,1397786999,0,PreSubmitted,0.0,100.0,0.0,0.0
1010101443,22042020  13:29:05,1010101441,1397786999,0,PreSubmitted,0.0,100.0,0.0,0.0
1010101443,22042020  13:29:05,1010101441,1397786999,0,PreSubmitted,0.0,100.0,0.0,0.0
1010101443,22042020  13:29:05,1010101441,1397786999,0,PreSubmitted,0.0,100.0,0.0,0.0
1010101443,22042020  13:29:05,1010101441,1397786999,0,PreSubmitted,0.0,100.0,0.0,0.0
1010101443,22042020  13:29:05,1010101441,1397786999,0,PreSubmitted,0.0,100.0,0.0,0.0
1010101443,22042020  13:29:05,1010101441,1397786999,0,PreSubmitted,0.0,100.0,0.0,0.0
1010101443,22042020  13:29:06,1010101441,1397786999,0,PreSubmitted,0.0,100.0,0.0,0.0
1010101443,22042020  13:29:06,1010101441,1397786999,0,PreSubmitted,0.0,100.0,0.0,0.0
1010101443,22042020  13:29:06,1010101441,1397786999,0,PreSubmitted,0.0,100.0,0.0,0.0
1010101443,22042020  13:29:06,1010101441,1397786999,0,PreSubmitted,0.0,100.0,0.0,0.0
1010101443,22042020  13:29:06,1010101441,1397786999,0,PreSubmitted,0.0,100.0,0.0,0.0
1010101443,22042020  13:29:06,1010101441,1397786999,0,PreSubmitted,0.0,100.0,0.0,0.0
1010101443,22042020  13:29:06,1010101441,1397786999,0,PreSubmitted,0.0,100.0,0.0,0.0
1010101442,22042020  13:29:06,1010101441,1397786998,0,Submitted,0.0,100.0,0.0,0.0
1010101442,22042020  13:29:06,1010101441,1397786998,0,Submitted,0.0,100.0,0.0,0.0
1010101442,22042020  13:29:09,1010101441,1397786998,0,Submitted,0.0,100.0,0.0,0.0
1010101442,22042020  13:29:10,1010101441,1397786998,0,Submitted,0.0,100.0,0.0,0.0
1010101442,22042020  13:29:11,1010101441,1397786998,0,Submitted,0.0,100.0,0.0,0.0
1010101442,22042020  13:29:12,1010101441,1397786998,0,Submitted,0.0,100.0,0.0,0.0
1010101442,22042020  13:29:12,1010101441,1397786998,0,Submitted,0.0,100.0,0.0,0.0
1010101442,22042020  13:29:15,1010101441,1397786998,0,PendingSubmit,0.0,100.0,0.0,0.0
1010101442,22042020  13:29:15,1010101441,1397786998,0,Submitted,0.0,100.0,0.0,0.0
1010101442,22042020  13:29:20,1010101441,1397786998,0,PendingSubmit,0.0,100.0,0.0,0.0
1010101442,22042020  13:29:20,1010101441,1397786998,0,Submitted,0.0,100.0,0.0,0.0
1010101442,22042020  13:29:20,1010101441,1397786998,0,Submitted,0.0,100.0,0.0,0.0
1010101442,22042020  13:29:25,1010101441,1397786998,0,PendingSubmit,0.0,100.0,0.0,0.0
1010101442,22042020  13:29:25,1010101441,1397786998,0,Submitted,0.0,100.0,0.0,0.0
1010101443,22042020  13:29:25,1010101441,1397786999,0,PreSubmitted,0.0,100.0,0.0,0.0
1010101443,22042020  13:29:25,1010101441,1397786999,0,PreSubmitted,0.0,100.0,0.0,0.0
1010101443,22042020  13:29:25,1010101441,1397786999,0,PreSubmitted,0.0,100.0,0.0,0.0
1010101443,22042020  13:29:25,1010101441,1397786999,0,PreSubmitted,0.0,100.0,0.0,0.0
1010101443,22042020  13:29:25,1010101441,1397786999,0,PreSubmitted,0.0,100.0,0.0,0.0
1010101443,22042020  13:29:25,1010101441,1397786999,0,PreSubmitted,0.0,100.0,0.0,0.0
1010101443,22042020  13:29:25,1010101441,1397786999,0,PreSubmitted,0.0,100.0,0.0,0.0
1010101443,22042020  13:29:25,1010101441,1397786999,0,PreSubmitted,0.0,100.0,0.0,0.0
1010101443,22042020  13:29:25,1010101441,1397786999,0,PreSubmitted,0.0,100.0,0.0,0.0
1010101443,22042020  13:29:25,1010101441,1397786999,0,PreSubmitted,0.0,100.0,0.0,0.0
1010101443,22042020  13:29:25,1010101441,1397786999,0,PreSubmitted,0.0,100.0,0.0,0.0
1010101443,22042020  13:29:25,1010101441,1397786999,0,PreSubmitted,0.0,100.0,0.0,0.0
1010101443,22042020  13:29:25,1010101441,1397786999,0,PreSubmitted,0.0,100.0,0.0,0.0
1010101443,22042020  13:29:25,1010101441,1397786999,0,PreSubmitted,0.0,100.0,0.0,0.0
1010101443,22042020  13:29:25,1010101441,1397786999,0,PreSubmitted,0.0,100.0,0.0,0.0
1010101443,22042020  13:29:25,1010101441,1397786999,0,PreSubmitted,0.0,100.0,0.0,0.0
1010101443,22042020  13:29:25,1010101441,1397786999,0,PreSubmitted,0.0,100.0,0.0,0.0
1010101443,22042020  13:29:25,1010101441,1397786999,0,PreSubmitted,0.0,100.0,0.0,0.0
1010101443,22042020  13:29:25,1010101441,1397786999,0,PreSubmitted,0.0,100.0,0.0,0.0
1010101443,22042020  13:29:25,1010101441,1397786999,0,PreSubmitted,0.0,100.0,0.0,0.0
1010101443,22042020  13:29:25,1010101441,1397786999,0,PreSubmitted,0.0,100.0,0.0,0.0
1010101443,22042020  13:29:25,1010101441,1397786999,0,PreSubmitted,0.0,100.0,0.0,0.0
1010101443,22042020  13:29:25,1010101441,1397786999,0,PreSubmitted,0.0,100.0,0.0,0.0
1010101443,22042020  13:29:25,1010101441,1397786999,0,PreSubmitted,0.0,100.0,0.0,0.0
1010101443,22042020  13:29:25,1010101441,1397786999,0,PreSubmitted,0.0,100.0,0.0,0.0
1010101443,22042020  13:29:25,1010101441,1397786999,0,PreSubmitted,0.0,100.0,0.0,0.0
1010101443,22042020  13:29:25,1010101441,1397786999,0,PreSubmitted,0.0,100.0,0.0,0.0
1010101443,22042020  13:29:25,1010101441,1397786999,0,PreSubmitted,0.0,100.0,0.0,0.0
1010101442,22042020  13:29:29,1010101441,1397786998,0,Submitted,0.0,100.0,0.0,0.0
1010101442,22042020  13:29:29,1010101441,1397786998,0,Submitted,0.0,100.0,0.0,0.0
1010101442,22042020  13:29:30,1010101441,1397786998,0,Submitted,0.0,100.0,0.0,0.0
1010101442,22042020  13:29:30,1010101441,1397786998,0,PendingSubmit,0.0,100.0,0.0,0.0
1010101442,22042020  13:29:30,1010101441,1397786998,0,Submitted,0.0,100.0,0.0,0.0
1010101442,22042020  13:29:35,1010101441,1397786998,0,PendingSubmit,0.0,100.0,0.0,0.0
1010101442,22042020  13:29:35,1010101441,1397786998,0,Submitted,0.0,100.0,0.0,0.0
1010101442,22042020  13:29:37,1010101441,1397786998,0,Submitted,0.0,100.0,0.0,0.0
1010101442,22042020  13:29:37,1010101441,1397786998,0,Submitted,0.0,100.0,0.0,0.0
1010101442,22042020  13:29:39,1010101441,1397786998,0,PendingSubmit,0.0,100.0,0.0,0.0
1010101442,22042020  13:29:39,1010101441,1397786998,0,PendingSubmit,0.0,100.0,0.0,0.0
1010101442,22042020  13:29:39,1010101441,1397786998,0,Submitted,0.0,100.0,0.0,0.0
1010101442,22042020  13:29:39,1010101441,1397786998,0,Submitted,0.0,100.0,0.0,0.0
1010101442,22042020  13:29:44,1010101441,1397786998,0,Submitted,0.0,100.0,0.0,0.0
1010101442,22042020  13:29:44,1010101441,1397786998,0,PendingSubmit,0.0,100.0,0.0,0.0
1010101442,22042020  13:29:44,1010101441,1397786998,0,Submitted,0.0,100.0,0.0,0.0
1010101442,22042020  13:29:45,1010101441,1397786998,0,Submitted,0.0,100.0,0.0,0.0
1010101442,22042020  13:29:50,1010101441,1397786998,0,Submitted,0.0,100.0,0.0,0.0
1010101443,22042020  13:29:50,1010101441,1397786999,0,PreSubmitted,0.0,100.0,0.0,0.0
1010101443,22042020  13:29:50,1010101441,1397786999,0,PreSubmitted,0.0,100.0,0.0,0.0
1010101443,22042020  13:29:50,1010101441,1397786999,0,PreSubmitted,0.0,100.0,0.0,0.0
1010101443,22042020  13:29:50,1010101441,1397786999,0,PreSubmitted,0.0,100.0,0.0,0.0
1010101443,22042020  13:29:50,1010101441,1397786999,0,PreSubmitted,0.0,100.0,0.0,0.0
1010101443,22042020  13:29:50,1010101441,1397786999,0,PreSubmitted,0.0,100.0,0.0,0.0
1010101443,22042020  13:29:50,1010101441,1397786999,0,PreSubmitted,0.0,100.0,0.0,0.0
1010101443,22042020  13:29:50,1010101441,1397786999,0,PreSubmitted,0.0,100.0,0.0,0.0
1010101443,22042020  13:29:50,1010101441,1397786999,0,PreSubmitted,0.0,100.0,0.0,0.0
1010101443,22042020  13:29:50,1010101441,1397786999,0,PreSubmitted,0.0,100.0,0.0,0.0
1010101443,22042020  13:29:50,1010101441,1397786999,0,PreSubmitted,0.0,100.0,0.0,0.0
1010101443,22042020  13:29:50,1010101441,1397786999,0,PreSubmitted,0.0,100.0,0.0,0.0
1010101443,22042020  13:29:50,1010101441,1397786999,0,PreSubmitted,0.0,100.0,0.0,0.0
1010101443,22042020  13:29:50,1010101441,1397786999,0,PreSubmitted,0.0,100.0,0.0,0.0
1010101443,22042020  13:29:50,1010101441,1397786999,0,PreSubmitted,0.0,100.0,0.0,0.0
1010101443,22042020  13:29:50,1010101441,1397786999,0,PreSubmitted,0.0,100.0,0.0,0.0
1010101443,22042020  13:29:50,1010101441,1397786999,0,PreSubmitted,0.0,100.0,0.0,0.0
1010101443,22042020  13:29:50,1010101441,1397786999,0,PreSubmitted,0.0,100.0,0.0,0.0
1010101443,22042020  13:29:50,1010101441,1397786999,0,PreSubmitted,0.0,100.0,0.0,0.0
1010101443,22042020  13:29:50,1010101441,1397786999,0,PreSubmitted,0.0,100.0,0.0,0.0
1010101443,22042020  13:29:50,1010101441,1397786999,0,PreSubmitted,0.0,100.0,0.0,0.0
1010101443,22042020  13:29:50,1010101441,1397786999,0,PreSubmitted,0.0,100.0,0.0,0.0
1010101443,22042020  13:29:50,1010101441,1397786999,0,PreSubmitted,0.0,100.0,0.0,0.0
1010101443,22042020  13:29:50,1010101441,1397786999,0,PreSubmitted,0.0,100.0,0.0,0.0
1010101443,22042020  13:29:50,1010101441,1397786999,0,PreSubmitted,0.0,100.0,0.0,0.0
1010101443,22042020  13:29:50,1010101441,1397786999,0,PreSubmitted,0.0,100.0,0.0,0.0
1010101443,22042020  13:29:50,1010101441,1397786999,0,PreSubmitted,0.0,100.0,0.0,0.0
1010101443,22042020  13:29:50,1010101441,1397786999,0,PreSubmitted,0.0,100.0,0.0,0.0
1010101442,22042020  13:29:50,1010101441,1397786998,0,Submitted,0.0,100.0,0.0,0.0
1010101443,22042020  13:29:50,1010101441,1397786999,0,PreSubmitted,0.0,100.0,0.0,0.0
1010101443,22042020  13:29:50,1010101441,1397786999,0,PreSubmitted,0.0,100.0,0.0,0.0
1010101443,22042020  13:29:50,1010101441,1397786999,0,PreSubmitted,0.0,100.0,0.0,0.0
1010101443,22042020  13:29:50,1010101441,1397786999,0,PreSubmitted,0.0,100.0,0.0,0.0
1010101443,22042020  13:29:50,1010101441,1397786999,0,PreSubmitted,0.0,100.0,0.0,0.0
1010101443,22042020  13:29:50,1010101441,1397786999,0,PreSubmitted,0.0,100.0,0.0,0.0
1010101443,22042020  13:29:50,1010101441,1397786999,0,PreSubmitted,0.0,100.0,0.0,0.0
1010101443,22042020  13:29:50,1010101441,1397786999,0,PreSubmitted,0.0,100.0,0.0,0.0
1010101442,22042020  13:29:55,1010101441,1397786998,0,Submitted,0.0,100.0,0.0,0.0
1010101442,22042020  13:29:55,1010101441,1397786998,0,Submitted,0.0,100.0,0.0,0.0
1010101442,22042020  13:30:00,1010101441,1397786998,0,Submitted,0.0,100.0,0.0,0.0
1010101442,22042020  13:30:00,1010101441,1397786998,0,Submitted,0.0,100.0,0.0,0.0
1010101442,22042020  13:30:05,1010101441,1397786998,0,Submitted,0.0,100.0,0.0,0.0
1010101442,22042020  13:30:05,1010101441,1397786998,0,Submitted,0.0,100.0,0.0,0.0
1010101442,22042020  13:30:10,1010101441,1397786998,0,Submitted,0.0,100.0,0.0,0.0
1010101442,22042020  13:30:10,1010101441,1397786998,0,Submitted,0.0,100.0,0.0,0.0
1010101442,22042020  13:30:12,1010101441,1397786998,0,Submitted,0.0,100.0,0.0,0.0
1010101442,22042020  13:30:12,1010101441,1397786998,0,Submitted,0.0,100.0,0.0,0.0
1010101442,22042020  13:30:15,1010101441,1397786998,0,PendingSubmit,0.0,100.0,0.0,0.0
1010101442,22042020  13:30:15,1010101441,1397786998,0,PendingSubmit,0.0,100.0,0.0,0.0
1010101442,22042020  13:30:15,1010101441,1397786998,0,PendingSubmit,0.0,100.0,0.0,0.0
1010101443,22042020  13:30:15,1010101441,1397786999,0,PendingSubmit,100.0,0.0,1.08156,1.08156
1010101443,22042020  13:30:15,1010101441,1397786999,0,PendingSubmit,100.0,0.0,1.08156,1.08156
1010101443,22042020  13:30:15,1010101441,1397786999,0,Filled,100.0,0.0,1.08156,1.08156
1010101443,22042020  13:30:15,1010101441,1397786999,0,Filled,100.0,0.0,1.08156,1.08156
1010101443,22042020  13:30:15,1010101441,1397786999,0,Filled,100.0,0.0,1.08156,1.08156
1010101443,22042020  13:30:15,1010101441,1397786999,0,Filled,100.0,0.0,1.08156,1.08156
1010101443,22042020  13:30:15,1010101441,1397786999,0,Filled,100.0,0.0,1.08156,1.08156
1010101443,22042020  13:30:15,1010101441,1397786999,0,Filled,100.0,0.0,1.08156,1.08156
1010101443,22042020  13:30:15,1010101441,1397786999,0,Filled,100.0,0.0,1.08156,1.08156
1010101443,22042020  13:30:15,1010101441,1397786999,0,Filled,100.0,0.0,1.08156,1.08156
1010101443,22042020  13:30:15,1010101441,1397786999,0,Filled,100.0,0.0,1.08156,1.08156
1010101443,22042020  13:30:15,1010101441,1397786999,0,Filled,100.0,0.0,1.08156,1.08156
1010101443,22042020  13:30:15,1010101441,1397786999,0,Filled,100.0,0.0,1.08156,1.08156
1010101443,22042020  13:30:15,1010101441,1397786999,0,Filled,100.0,0.0,1.08156,1.08156
1010101442,22042020  13:30:15,1010101441,1397786998,0,PendingSubmit,0.0,100.0,0.0,0.0
1010101442,22042020  13:30:15,1010101441,1397786998,0,Cancelled,0.0,100.0,0.0,0.0
1010101443,22042020  13:30:15,1010101441,1397786999,0,Filled,100.0,0.0,1.08156,1.08156
1010101443,22042020  13:30:15,1010101441,1397786999,0,Filled,100.0,0.0,1.08156,1.08156
1010101443,22042020  13:30:15,1010101441,1397786999,0,Filled,100.0,0.0,1.08156,1.08156
1010101443,22042020  13:30:15,1010101441,1397786999,0,Filled,100.0,0.0,1.08156,1.08156
1010101443,22042020  13:30:15,1010101441,1397786999,0,Filled,100.0,0.0,1.08156,1.08156
1010101443,22042020  13:30:15,1010101441,1397786999,0,Filled,100.0,0.0,1.08156,1.08156
1010101443,22042020  13:30:15,1010101441,1397786999,0,Filled,100.0,0.0,1.08156,1.08156
1010101443,22042020  13:30:15,1010101441,1397786999,0,Filled,100.0,0.0,1.08156,1.08156
1010101443,22042020  13:30:15,1010101441,1397786999,0,Filled,100.0,0.0,1.08156,1.08156
1010101443,22042020  13:30:15,1010101441,1397786999,0,Filled,100.0,0.0,1.08156,1.08156
1010101443,22042020  13:30:15,1010101441,1397786999,0,Filled,100.0,0.0,1.08156,1.08156
1010101443,22042020  13:30:15,1010101441,1397786999,0,Filled,100.0,0.0,1.08156,1.08156
1010101442,22042020  13:30:15,1010101441,1397786998,0,Cancelled,0.0,100.0,0.0,0.0
1010101443,22042020  13:30:20,1010101441,1397786999,0,Filled,100.0,0.0,1.08156,1.08156
1010101443,22042020  13:30:20,1010101441,1397786999,0,Filled,100.0,0.0,1.08156,1.08156
1010101443,22042020  13:30:20,1010101441,1397786999,0,Filled,100.0,0.0,1.08156,1.08156
1010101443,22042020  13:30:20,1010101441,1397786999,0,Filled,100.0,0.0,1.08156,1.08156
