86,27042020  12:59:52,0,1545012262,0,PreSubmitted,0.0,10.0,0.0,0.0
87,27042020  12:59:52,86,1545012263,0,PreSubmitted,0.0,10.0,0.0,0.0
87,27042020  12:59:53,86,1545012263,0,PreSubmitted,0.0,10.0,0.0,0.0
87,27042020  12:59:53,86,1545012263,0,PreSubmitted,0.0,10.0,0.0,0.0
86,27042020  12:59:53,0,1545012262,0,Submitted,0.0,10.0,0.0,0.0
88,27042020  12:59:53,86,1545012264,0,PreSubmitted,0.0,10.0,0.0,0.0
88,27042020  12:59:53,86,1545012264,0,PreSubmitted,0.0,10.0,0.0,0.0
87,27042020  12:59:54,86,1545012263,0,PreSubmitted,0.0,10.0,0.0,0.0
88,27042020  12:59:54,86,1545012264,0,PreSubmitted,0.0,10.0,0.0,0.0
87,27042020  12:59:55,86,1545012263,0,PreSubmitted,0.0,10.0,0.0,0.0
88,27042020  12:59:55,86,1545012264,0,PendingSubmit,0.0,10.0,0.0,0.0
87,27042020  12:59:55,86,1545012263,0,PendingSubmit,0.0,10.0,0.0,0.0
88,27042020  12:59:55,86,1545012264,0,PendingSubmit,0.0,10.0,0.0,0.0
87,27042020  12:59:55,86,1545012263,0,PreSubmitted,0.0,10.0,0.0,0.0
88,27042020  12:59:55,86,1545012264,0,PreSubmitted,0.0,10.0,0.0,0.0
87,27042020  12:59:57,86,1545012263,0,PreSubmitted,0.0,10.0,0.0,0.0
88,27042020  12:59:58,86,1545012264,0,PreSubmitted,0.0,10.0,0.0,0.0
87,27042020  13:00:01,86,1545012263,0,PreSubmitted,0.0,10.0,0.0,0.0
88,27042020  13:00:01,86,1545012264,0,PreSubmitted,0.0,10.0,0.0,0.0
87,27042020  13:00:01,86,1545012263,0,PreSubmitted,0.0,10.0,0.0,0.0
88,27042020  13:00:01,86,1545012264,0,PreSubmitted,0.0,10.0,0.0,0.0
87,27042020  13:00:03,86,1545012263,0,PreSubmitted,0.0,10.0,0.0,0.0
88,27042020  13:00:03,86,1545012264,0,PreSubmitted,0.0,10.0,0.0,0.0
87,27042020  13:00:03,86,1545012263,0,PreSubmitted,0.0,10.0,0.0,0.0
88,27042020  13:00:03,86,1545012264,0,PreSubmitted,0.0,10.0,0.0,0.0
87,27042020  13:00:04,86,1545012263,0,PreSubmitted,0.0,10.0,0.0,0.0
88,27042020  13:00:04,86,1545012264,0,PreSubmitted,0.0,10.0,0.0,0.0
87,27042020  13:00:05,86,1545012263,0,PreSubmitted,0.0,10.0,0.0,0.0
88,27042020  13:00:05,86,1545012264,0,PendingSubmit,0.0,10.0,0.0,0.0
87,27042020  13:00:05,86,1545012263,0,PendingSubmit,0.0,10.0,0.0,0.0
88,27042020  13:00:06,86,1545012264,0,PendingSubmit,0.0,10.0,0.0,0.0
87,27042020  13:00:06,86,1545012263,0,PreSubmitted,0.0,10.0,0.0,0.0
88,27042020  13:00:06,86,1545012264,0,PreSubmitted,0.0,10.0,0.0,0.0
87,27042020  13:00:06,86,1545012263,0,PreSubmitted,0.0,10.0,0.0,0.0
88,27042020  13:00:06,86,1545012264,0,PreSubmitted,0.0,10.0,0.0,0.0
87,27042020  13:00:08,86,1545012263,0,PreSubmitted,0.0,10.0,0.0,0.0
88,27042020  13:00:08,86,1545012264,0,PreSubmitted,0.0,10.0,0.0,0.0
87,27042020  13:00:10,86,1545012263,0,PendingSubmit,0.0,10.0,0.0,0.0
88,27042020  13:00:10,86,1545012264,0,PendingSubmit,0.0,10.0,0.0,0.0
87,27042020  13:00:11,86,1545012263,0,PreSubmitted,0.0,10.0,0.0,0.0
88,27042020  13:00:11,86,1545012264,0,PreSubmitted,0.0,10.0,0.0,0.0
87,27042020  13:00:15,86,1545012263,0,PreSubmitted,0.0,10.0,0.0,0.0
88,27042020  13:00:15,86,1545012264,0,PreSubmitted,0.0,10.0,0.0,0.0
87,27042020  13:00:15,86,1545012263,0,PreSubmitted,0.0,10.0,0.0,0.0
88,27042020  13:00:15,86,1545012264,0,PreSubmitted,0.0,10.0,0.0,0.0
87,27042020  13:00:15,86,1545012263,0,PreSubmitted,0.0,10.0,0.0,0.0
88,27042020  13:00:16,86,1545012264,0,PreSubmitted,0.0,10.0,0.0,0.0
87,27042020  13:00:16,86,1545012263,0,PreSubmitted,0.0,10.0,0.0,0.0
88,27042020  13:00:17,86,1545012264,0,PreSubmitted,0.0,10.0,0.0,0.0
87,27042020  13:00:17,86,1545012263,0,PreSubmitted,0.0,10.0,0.0,0.0
88,27042020  13:00:17,86,1545012264,0,PreSubmitted,0.0,10.0,0.0,0.0
87,27042020  13:00:19,86,1545012263,0,PreSubmitted,0.0,10.0,0.0,0.0
88,27042020  13:00:19,86,1545012264,0,PreSubmitted,0.0,10.0,0.0,0.0
87,27042020  13:00:20,86,1545012263,0,PreSubmitted,0.0,10.0,0.0,0.0
88,27042020  13:00:20,86,1545012264,0,PreSubmitted,0.0,10.0,0.0,0.0
87,27042020  13:00:20,86,1545012263,0,PendingSubmit,0.0,10.0,0.0,0.0
88,27042020  13:00:21,86,1545012264,0,PendingSubmit,0.0,10.0,0.0,0.0
87,27042020  13:00:21,86,1545012263,0,PreSubmitted,0.0,10.0,0.0,0.0
88,27042020  13:00:21,86,1545012264,0,PreSubmitted,0.0,10.0,0.0,0.0
87,27042020  13:00:21,86,1545012263,0,PreSubmitted,0.0,10.0,0.0,0.0
88,27042020  13:00:21,86,1545012264,0,PreSubmitted,0.0,10.0,0.0,0.0
87,27042020  13:00:22,86,1545012263,0,PreSubmitted,0.0,10.0,0.0,0.0
88,27042020  13:00:22,86,1545012264,0,PreSubmitted,0.0,10.0,0.0,0.0
87,27042020  13:00:23,86,1545012263,0,PreSubmitted,0.0,10.0,0.0,0.0
88,27042020  13:00:23,86,1545012264,0,PreSubmitted,0.0,10.0,0.0,0.0
87,27042020  13:00:23,86,1545012263,0,PreSubmitted,0.0,10.0,0.0,0.0
88,27042020  13:00:23,86,1545012264,0,PreSubmitted,0.0,10.0,0.0,0.0
87,27042020  13:00:24,86,1545012263,0,PreSubmitted,0.0,10.0,0.0,0.0
88,27042020  13:00:24,86,1545012264,0,PreSubmitted,0.0,10.0,0.0,0.0
87,27042020  13:00:25,86,1545012263,0,PreSubmitted,0.0,10.0,0.0,0.0
88,27042020  13:00:25,86,1545012264,0,PendingSubmit,0.0,10.0,0.0,0.0
87,27042020  13:00:25,86,1545012263,0,PreSubmitted,0.0,10.0,0.0,0.0
88,27042020  13:00:25,86,1545012264,0,PendingSubmit,0.0,10.0,0.0,0.0
87,27042020  13:00:26,86,1545012263,0,PreSubmitted,0.0,10.0,0.0,0.0
88,27042020  13:00:26,86,1545012264,0,PreSubmitted,0.0,10.0,0.0,0.0
87,27042020  13:00:26,86,1545012263,0,PreSubmitted,0.0,10.0,0.0,0.0
88,27042020  13:00:26,86,1545012264,0,PreSubmitted,0.0,10.0,0.0,0.0
87,27042020  13:00:30,86,1545012263,0,PreSubmitted,0.0,10.0,0.0,0.0
88,27042020  13:00:30,86,1545012264,0,PreSubmitted,0.0,10.0,0.0,0.0
87,27042020  13:00:31,86,1545012263,0,PendingSubmit,0.0,10.0,0.0,0.0
88,27042020  13:00:31,86,1545012264,0,PendingSubmit,0.0,10.0,0.0,0.0
87,27042020  13:00:31,86,1545012263,0,PendingSubmit,0.0,10.0,0.0,0.0
88,27042020  13:00:31,86,1545012264,0,PendingSubmit,0.0,10.0,0.0,0.0
87,27042020  13:00:31,86,1545012263,0,PreSubmitted,0.0,10.0,0.0,0.0
88,27042020  13:00:31,86,1545012264,0,PreSubmitted,0.0,10.0,0.0,0.0
87,27042020  13:00:32,86,1545012263,0,PreSubmitted,0.0,10.0,0.0,0.0
88,27042020  13:00:32,86,1545012264,0,PreSubmitted,0.0,10.0,0.0,0.0
88,27042020  13:00:32,86,1545012264,0,PreSubmitted,0.0,10.0,0.0,0.0
88,27042020  13:00:32,86,1545012264,0,PreSubmitted,0.0,10.0,0.0,0.0
86,27042020  13:00:32,0,1545012262,0,Filled,10.0,0.0,1.08304,1.08304
86,27042020  13:00:32,0,1545012262,0,Filled,10.0,0.0,1.08304,1.08304
87,27042020  13:00:32,86,1545012263,0,PreSubmitted,0.0,10.0,0.0,0.0
88,27042020  13:00:32,86,1545012264,0,PreSubmitted,0.0,10.0,0.0,0.0
87,27042020  13:00:32,86,1545012263,0,Submitted,0.0,10.0,0.0,0.0
88,27042020  13:00:32,86,1545012264,0,Submitted,0.0,10.0,0.0,0.0
87,27042020  13:00:35,86,1545012263,0,Submitted,0.0,10.0,0.0,0.0
87,27042020  13:00:36,86,1545012263,0,Submitted,0.0,10.0,0.0,0.0
88,27042020  13:00:36,86,1545012264,0,PendingSubmit,0.0,10.0,0.0,0.0
88,27042020  13:00:36,86,1545012264,0,Submitted,0.0,10.0,0.0,0.0
88,27042020  13:00:38,86,1545012264,0,PendingCancel,0.0,10.0,0.0,0.0
88,27042020  13:00:38,86,1545012264,0,Cancelled,0.0,10.0,0.0,0.0
87,27042020  13:00:38,86,1545012263,0,Cancelled,0.0,10.0,0.0,0.0
