95,27042020  13:16:57,0,704061461,0,PreSubmitted,0.0,10.0,0.0,0.0
96,27042020  13:16:57,95,704061462,0,PreSubmitted,0.0,10.0,0.0,0.0
96,27042020  13:16:57,95,704061462,0,PreSubmitted,0.0,10.0,0.0,0.0
96,27042020  13:16:57,95,704061462,0,PreSubmitted,0.0,10.0,0.0,0.0
95,27042020  13:16:57,0,704061461,0,Submitted,0.0,10.0,0.0,0.0
97,27042020  13:16:57,95,704061463,0,PreSubmitted,0.0,10.0,0.0,0.0
97,27042020  13:16:57,95,704061463,0,PreSubmitted,0.0,10.0,0.0,0.0
96,27042020  13:17:00,95,704061462,0,PreSubmitted,0.0,10.0,0.0,0.0
97,27042020  13:17:00,95,704061463,0,PreSubmitted,0.0,10.0,0.0,0.0
96,27042020  13:17:00,95,704061462,0,PreSubmitted,0.0,10.0,0.0,0.0
97,27042020  13:17:00,95,704061463,0,PreSubmitted,0.0,10.0,0.0,0.0
96,27042020  13:17:05,95,704061462,0,PreSubmitted,0.0,10.0,0.0,0.0
97,27042020  13:17:05,95,704061463,0,PreSubmitted,0.0,10.0,0.0,0.0
96,27042020  13:17:05,95,704061462,0,PreSubmitted,0.0,10.0,0.0,0.0
97,27042020  13:17:05,95,704061463,0,PreSubmitted,0.0,10.0,0.0,0.0
96,27042020  13:17:10,95,704061462,0,PreSubmitted,0.0,10.0,0.0,0.0
97,27042020  13:17:10,95,704061463,0,PreSubmitted,0.0,10.0,0.0,0.0
96,27042020  13:17:11,95,704061462,0,PreSubmitted,0.0,10.0,0.0,0.0
97,27042020  13:17:11,95,704061463,0,PreSubmitted,0.0,10.0,0.0,0.0
96,27042020  13:17:12,95,704061462,0,PreSubmitted,0.0,10.0,0.0,0.0
97,27042020  13:17:12,95,704061463,0,PreSubmitted,0.0,10.0,0.0,0.0
97,27042020  13:17:12,95,704061463,0,PreSubmitted,0.0,10.0,0.0,0.0
97,27042020  13:17:12,95,704061463,0,PreSubmitted,0.0,10.0,0.0,0.0
95,27042020  13:17:12,0,704061461,0,Filled,10.0,0.0,1.08326,1.08326
95,27042020  13:17:12,0,704061461,0,Filled,10.0,0.0,1.08326,1.08326
96,27042020  13:17:12,95,704061462,0,PreSubmitted,0.0,10.0,0.0,0.0
96,27042020  13:17:12,95,704061462,0,Submitted,0.0,10.0,0.0,0.0
97,27042020  13:17:13,95,704061463,0,PreSubmitted,0.0,10.0,0.0,0.0
97,27042020  13:17:13,95,704061463,0,Submitted,0.0,10.0,0.0,0.0
96,27042020  13:17:15,95,704061462,0,Submitted,0.0,10.0,0.0,0.0
97,27042020  13:17:15,95,704061463,0,Submitted,0.0,10.0,0.0,0.0
96,27042020  13:17:15,95,704061462,0,Submitted,0.0,10.0,0.0,0.0
97,27042020  13:17:15,95,704061463,0,Submitted,0.0,10.0,0.0,0.0
96,27042020  13:17:20,95,704061462,0,Submitted,0.0,10.0,0.0,0.0
97,27042020  13:17:20,95,704061463,0,PendingSubmit,0.0,10.0,0.0,0.0
96,27042020  13:17:20,95,704061462,0,Submitted,0.0,10.0,0.0,0.0
97,27042020  13:17:20,95,704061463,0,Submitted,0.0,10.0,0.0,0.0
96,27042020  13:17:25,95,704061462,0,Submitted,0.0,10.0,0.0,0.0
97,27042020  13:17:25,95,704061463,0,Submitted,0.0,10.0,0.0,0.0
96,27042020  13:17:26,95,704061462,0,Submitted,0.0,10.0,0.0,0.0
97,27042020  13:17:26,95,704061463,0,Submitted,0.0,10.0,0.0,0.0
96,27042020  13:17:30,95,704061462,0,Submitted,0.0,10.0,0.0,0.0
97,27042020  13:17:30,95,704061463,0,Submitted,0.0,10.0,0.0,0.0
96,27042020  13:17:31,95,704061462,0,Submitted,0.0,10.0,0.0,0.0
97,27042020  13:17:31,95,704061463,0,Submitted,0.0,10.0,0.0,0.0
96,27042020  13:17:35,95,704061462,0,Submitted,0.0,10.0,0.0,0.0
97,27042020  13:17:35,95,704061463,0,Submitted,0.0,10.0,0.0,0.0
96,27042020  13:17:35,95,704061462,0,PendingSubmit,0.0,10.0,0.0,0.0
96,27042020  13:17:35,95,704061462,0,Submitted,0.0,10.0,0.0,0.0
97,27042020  13:17:36,95,704061463,0,PendingSubmit,0.0,10.0,0.0,0.0
97,27042020  13:17:36,95,704061463,0,Submitted,0.0,10.0,0.0,0.0
96,27042020  13:17:40,95,704061462,0,Submitted,0.0,10.0,0.0,0.0
97,27042020  13:17:40,95,704061463,0,Submitted,0.0,10.0,0.0,0.0
96,27042020  13:17:41,95,704061462,0,Submitted,0.0,10.0,0.0,0.0
97,27042020  13:17:41,95,704061463,0,Submitted,0.0,10.0,0.0,0.0
96,27042020  13:17:45,95,704061462,0,Submitted,0.0,10.0,0.0,0.0
97,27042020  13:17:45,95,704061463,0,Submitted,0.0,10.0,0.0,0.0
96,27042020  13:17:46,95,704061462,0,Submitted,0.0,10.0,0.0,0.0
97,27042020  13:17:46,95,704061463,0,Submitted,0.0,10.0,0.0,0.0
96,27042020  13:17:50,95,704061462,0,Submitted,0.0,10.0,0.0,0.0
97,27042020  13:17:50,95,704061463,0,Submitted,0.0,10.0,0.0,0.0
96,27042020  13:17:50,95,704061462,0,Submitted,0.0,10.0,0.0,0.0
97,27042020  13:17:50,95,704061463,0,Submitted,0.0,10.0,0.0,0.0
96,27042020  13:17:55,95,704061462,0,Submitted,0.0,10.0,0.0,0.0
97,27042020  13:17:55,95,704061463,0,Submitted,0.0,10.0,0.0,0.0
96,27042020  13:17:55,95,704061462,0,PendingSubmit,0.0,10.0,0.0,0.0
96,27042020  13:17:56,95,704061462,0,Submitted,0.0,10.0,0.0,0.0
97,27042020  13:17:56,95,704061463,0,PendingSubmit,0.0,10.0,0.0,0.0
97,27042020  13:17:56,95,704061463,0,Submitted,0.0,10.0,0.0,0.0
96,27042020  13:18:00,95,704061462,0,Submitted,0.0,10.0,0.0,0.0
97,27042020  13:18:00,95,704061463,0,Submitted,0.0,10.0,0.0,0.0
96,27042020  13:18:01,95,704061462,0,Submitted,0.0,10.0,0.0,0.0
97,27042020  13:18:01,95,704061463,0,Submitted,0.0,10.0,0.0,0.0
96,27042020  13:18:05,95,704061462,0,PendingSubmit,0.0,10.0,0.0,0.0
96,27042020  13:18:05,95,704061462,0,PendingSubmit,0.0,10.0,0.0,0.0
97,27042020  13:18:05,95,704061463,0,PendingSubmit,0.0,10.0,0.0,0.0
97,27042020  13:18:05,95,704061463,0,PendingSubmit,0.0,10.0,0.0,0.0
96,27042020  13:18:05,95,704061462,0,Submitted,0.0,10.0,0.0,0.0
97,27042020  13:18:05,95,704061463,0,Submitted,0.0,10.0,0.0,0.0
96,27042020  13:18:10,95,704061462,0,PendingSubmit,0.0,10.0,0.0,0.0
96,27042020  13:18:10,95,704061462,0,Submitted,0.0,10.0,0.0,0.0
97,27042020  13:18:10,95,704061463,0,PendingSubmit,0.0,10.0,0.0,0.0
97,27042020  13:18:10,95,704061463,0,Submitted,0.0,10.0,0.0,0.0
96,27042020  13:18:15,95,704061462,0,Submitted,0.0,10.0,0.0,0.0
97,27042020  13:18:15,95,704061463,0,Submitted,0.0,10.0,0.0,0.0
96,27042020  13:18:16,95,704061462,0,Submitted,0.0,10.0,0.0,0.0
97,27042020  13:18:16,95,704061463,0,Submitted,0.0,10.0,0.0,0.0
96,27042020  13:18:20,95,704061462,0,PendingSubmit,0.0,10.0,0.0,0.0
96,27042020  13:18:21,95,704061462,0,Submitted,0.0,10.0,0.0,0.0
97,27042020  13:18:21,95,704061463,0,PendingSubmit,0.0,10.0,0.0,0.0
97,27042020  13:18:21,95,704061463,0,Submitted,0.0,10.0,0.0,0.0
96,27042020  13:18:25,95,704061462,0,Submitted,0.0,10.0,0.0,0.0
97,27042020  13:18:25,95,704061463,0,Submitted,0.0,10.0,0.0,0.0
96,27042020  13:18:25,95,704061462,0,Submitted,0.0,10.0,0.0,0.0
97,27042020  13:18:25,95,704061463,0,Submitted,0.0,10.0,0.0,0.0
96,27042020  13:18:30,95,704061462,0,Submitted,0.0,10.0,0.0,0.0
97,27042020  13:18:30,95,704061463,0,Submitted,0.0,10.0,0.0,0.0
96,27042020  13:18:31,95,704061462,0,Submitted,0.0,10.0,0.0,0.0
97,27042020  13:18:31,95,704061463,0,Submitted,0.0,10.0,0.0,0.0
96,27042020  13:18:35,95,704061462,0,Submitted,0.0,10.0,0.0,0.0
97,27042020  13:18:35,95,704061463,0,Submitted,0.0,10.0,0.0,0.0
96,27042020  13:18:35,95,704061462,0,Submitted,0.0,10.0,0.0,0.0
97,27042020  13:18:35,95,704061463,0,Submitted,0.0,10.0,0.0,0.0
96,27042020  13:18:40,95,704061462,0,Submitted,0.0,10.0,0.0,0.0
97,27042020  13:18:40,95,704061463,0,Submitted,0.0,10.0,0.0,0.0
96,27042020  13:18:40,95,704061462,0,Submitted,0.0,10.0,0.0,0.0
97,27042020  13:18:41,95,704061463,0,Submitted,0.0,10.0,0.0,0.0
96,27042020  13:18:45,95,704061462,0,Submitted,0.0,10.0,0.0,0.0
97,27042020  13:18:45,95,704061463,0,Submitted,0.0,10.0,0.0,0.0
96,27042020  13:18:46,95,704061462,0,Submitted,0.0,10.0,0.0,0.0
97,27042020  13:18:46,95,704061463,0,Submitted,0.0,10.0,0.0,0.0
96,27042020  13:18:50,95,704061462,0,Submitted,0.0,10.0,0.0,0.0
97,27042020  13:18:50,95,704061463,0,Submitted,0.0,10.0,0.0,0.0
96,27042020  13:18:50,95,704061462,0,Submitted,0.0,10.0,0.0,0.0
97,27042020  13:18:51,95,704061463,0,Submitted,0.0,10.0,0.0,0.0
96,27042020  13:18:55,95,704061462,0,Submitted,0.0,10.0,0.0,0.0
97,27042020  13:18:55,95,704061463,0,Submitted,0.0,10.0,0.0,0.0
96,27042020  13:18:55,95,704061462,0,Submitted,0.0,10.0,0.0,0.0
97,27042020  13:18:56,95,704061463,0,Submitted,0.0,10.0,0.0,0.0
96,27042020  13:18:59,95,704061462,0,Submitted,0.0,10.0,0.0,0.0
97,27042020  13:18:59,95,704061463,0,Submitted,0.0,10.0,0.0,0.0
96,27042020  13:19:00,95,704061462,0,Submitted,0.0,10.0,0.0,0.0
97,27042020  13:19:00,95,704061463,0,Submitted,0.0,10.0,0.0,0.0
96,27042020  13:19:00,95,704061462,0,Submitted,0.0,10.0,0.0,0.0
97,27042020  13:19:00,95,704061463,0,Submitted,0.0,10.0,0.0,0.0
96,27042020  13:19:05,95,704061462,0,Submitted,0.0,10.0,0.0,0.0
97,27042020  13:19:05,95,704061463,0,Submitted,0.0,10.0,0.0,0.0
96,27042020  13:19:06,95,704061462,0,Submitted,0.0,10.0,0.0,0.0
97,27042020  13:19:06,95,704061463,0,Submitted,0.0,10.0,0.0,0.0
96,27042020  13:19:10,95,704061462,0,Submitted,0.0,10.0,0.0,0.0
97,27042020  13:19:10,95,704061463,0,Submitted,0.0,10.0,0.0,0.0
96,27042020  13:19:10,95,704061462,0,Submitted,0.0,10.0,0.0,0.0
97,27042020  13:19:10,95,704061463,0,Submitted,0.0,10.0,0.0,0.0
