1,20200427  03:01:00,57.03,57.0,57.0,57.03
1,20200427  03:02:00,57.03,57.03,57.03,57.03
1,20200427  03:03:00,57.12,57.11,57.11,57.12
1,20200427  03:04:00,57.19,57.19,57.19,57.19
1,20200427  03:05:00,57.19,57.19,57.19,57.19
1,20200427  03:06:00,57.2,57.2,57.2,57.2
1,20200427  03:07:00,57.21,57.21,57.21,57.21
1,20200427  03:08:00,57.21,57.21,57.21,57.21
1,20200427  03:09:00,57.22,57.22,57.22,57.22
1,20200427  03:10:00,57.22,57.22,57.22,57.22
1,20200427  03:11:00,57.22,57.22,57.22,57.22
1,20200427  03:12:00,57.22,57.22,57.22,57.22
1,20200427  03:13:00,57.22,57.22,57.22,57.22
1,20200427  03:14:00,57.22,57.22,57.22,57.22
1,20200427  03:15:00,57.32,57.23,57.32,57.23
1,20200427  03:16:00,57.23,57.23,57.23,57.23
1,20200427  03:17:00,57.23,57.22,57.23,57.22
1,20200427  03:18:00,57.22,57.22,57.22,57.22
1,20200427  03:19:00,57.22,57.22,57.22,57.22
1,20200427  03:20:00,57.22,57.22,57.22,57.22
1,20200427  03:21:00,57.22,57.22,57.22,57.22
1,20200427  03:22:00,57.22,57.22,57.22,57.22
1,20200427  03:23:00,57.22,57.22,57.22,57.22
1,20200427  03:24:00,57.22,57.22,57.22,57.22
1,20200427  03:25:00,57.22,57.22,57.22,57.22
1,20200427  03:26:00,57.22,57.22,57.22,57.22
1,20200427  03:27:00,57.22,57.22,57.22,57.22
1,20200427  03:28:00,57.22,57.22,57.22,57.22
1,20200427  03:29:00,57.22,57.22,57.22,57.22
1,20200427  03:30:00,57.22,57.22,57.22,57.22
1,20200427  03:31:00,57.22,57.22,57.22,57.22
1,20200427  03:32:00,57.22,57.22,57.22,57.22
1,20200427  03:33:00,57.2,57.2,57.2,57.2
1,20200427  03:34:00,57.2,57.2,57.2,57.2
1,20200427  03:35:00,57.17,57.17,57.17,57.17
1,20200427  03:36:00,57.17,57.17,57.17,57.17
1,20200427  03:37:00,57.17,57.17,57.17,57.17
1,20200427  03:38:00,57.17,57.17,57.17,57.17
1,20200427  03:39:00,57.17,57.17,57.17,57.17
1,20200427  03:40:00,57.17,57.17,57.17,57.17
1,20200427  03:41:00,57.35,57.35,57.35,57.35
1,20200427  03:42:00,57.4,57.4,57.4,57.4
1,20200427  03:43:00,57.4,57.4,57.4,57.4
1,20200427  03:44:00,57.4,57.4,57.4,57.4
1,20200427  03:45:00,57.4,57.4,57.4,57.4
1,20200427  03:46:00,57.4,57.4,57.4,57.4
1,20200427  03:47:00,57.4,57.4,57.4,57.4
1,20200427  03:48:00,57.4,57.4,57.4,57.4
1,20200427  03:49:00,57.4,57.4,57.4,57.4
1,20200427  03:50:00,57.4,57.4,57.4,57.4
1,20200427  03:51:00,57.4,57.4,57.4,57.4
1,20200427  03:52:00,57.35,57.35,57.35,57.35
1,20200427  03:53:00,57.35,57.35,57.35,57.35
1,20200427  03:54:00,57.35,57.35,57.35,57.35
1,20200427  03:55:00,57.33,57.25,57.25,57.28
1,20200427  03:56:00,57.28,57.28,57.28,57.28
1,20200427  03:57:00,57.28,57.28,57.28,57.28
1,20200427  03:58:00,57.28,57.28,57.28,57.28
1,20200427  03:59:00,57.28,57.28,57.28,57.28
1,20200427  04:00:00,57.28,57.28,57.28,57.28
1,20200427  04:01:00,57.28,57.28,57.28,57.28
1,20200427  04:02:00,57.28,57.28,57.28,57.28
1,20200427  04:03:00,57.28,57.28,57.28,57.28
1,20200427  04:04:00,57.28,57.28,57.28,57.28
1,20200427  04:05:00,57.28,57.28,57.28,57.28
1,20200427  04:06:00,57.28,57.28,57.28,57.28
1,20200427  04:07:00,57.28,57.28,57.28,57.28
1,20200427  04:08:00,57.28,57.28,57.28,57.28
1,20200427  04:09:00,57.28,57.28,57.28,57.28
1,20200427  04:10:00,57.28,57.28,57.28,57.28
1,20200427  04:11:00,57.28,57.28,57.28,57.28
1,20200427  04:12:00,57.35,57.3,57.3,57.35
1,20200427  04:13:00,57.35,57.27,57.27,57.35
1,20200427  04:14:00,57.35,57.35,57.35,57.35
1,20200427  04:15:00,57.35,57.35,57.35,57.35
1,20200427  04:16:00,57.35,57.35,57.35,57.35
1,20200427  04:17:00,57.35,57.35,57.35,57.35
1,20200427  04:18:00,57.35,57.35,57.35,57.35
1,20200427  04:19:00,57.35,57.35,57.35,57.35
1,20200427  04:20:00,57.35,57.35,57.35,57.35
1,20200427  04:21:00,57.4,57.4,57.4,57.4
1,20200427  04:22:00,57.4,57.4,57.4,57.4
1,20200427  04:23:00,57.4,57.4,57.4,57.4
1,20200427  04:24:00,57.4,57.4,57.4,57.4
1,20200427  04:25:00,57.4,57.4,57.4,57.4
1,20200427  04:26:00,57.4,57.4,57.4,57.4
1,20200427  04:27:00,57.4,57.4,57.4,57.4
1,20200427  04:28:00,57.4,57.4,57.4,57.4
1,20200427  04:29:00,57.4,57.4,57.4,57.4
1,20200427  04:30:00,57.4,57.4,57.4,57.4
1,20200427  04:31:00,57.4,57.4,57.4,57.4
1,20200427  04:32:00,57.4,57.4,57.4,57.4
1,20200427  04:33:00,57.4,57.4,57.4,57.4
1,20200427  04:34:00,57.4,57.4,57.4,57.4
1,20200427  04:35:00,57.48,57.41,57.48,57.41
1,20200427  04:36:00,57.41,57.41,57.41,57.41
1,20200427  04:37:00,57.41,57.41,57.41,57.41
1,20200427  04:38:00,57.41,57.41,57.41,57.41
1,20200427  04:39:00,57.36,57.36,57.36,57.36
1,20200427  04:40:00,57.36,57.36,57.36,57.36
1,20200427  04:41:00,57.36,57.36,57.36,57.36
1,20200427  04:42:00,57.36,57.36,57.36,57.36
1,20200427  04:43:00,57.36,57.36,57.36,57.36
1,20200427  04:44:00,57.36,57.36,57.36,57.36
1,20200427  04:45:00,57.36,57.36,57.36,57.36
1,20200427  04:46:00,57.36,57.36,57.36,57.36
1,20200427  04:47:00,57.36,57.36,57.36,57.36
1,20200427  04:48:00,57.36,57.36,57.36,57.36
1,20200427  04:49:00,57.36,57.36,57.36,57.36
1,20200427  04:50:00,57.36,57.36,57.36,57.36
1,20200427  04:51:00,57.36,57.36,57.36,57.36
1,20200427  04:52:00,57.36,57.36,57.36,57.36
1,20200427  04:53:00,57.36,57.36,57.36,57.36
1,20200427  04:54:00,57.36,57.36,57.36,57.36
1,20200427  04:55:00,57.48,57.47,57.47,57.48
1,20200427  04:56:00,57.5,57.48,57.5,57.48
1,20200427  04:57:00,57.5,57.5,57.5,57.5
1,20200427  04:58:00,57.5,57.5,57.5,57.5
1,20200427  04:59:00,57.5,57.5,57.5,57.5
1,20200427  05:00:00,57.5,57.5,57.5,57.5
1,20200427  05:01:00,57.5,57.5,57.5,57.5
1,20200427  05:02:00,57.5,57.5,57.5,57.5
1,20200427  05:03:00,57.5,57.5,57.5,57.5
1,20200427  05:04:00,57.4,57.4,57.4,57.4
1,20200427  05:05:00,57.4,57.4,57.4,57.4
1,20200427  05:06:00,57.4,57.4,57.4,57.4
1,20200427  05:07:00,57.4,57.4,57.4,57.4
1,20200427  05:08:00,57.4,57.4,57.4,57.4
1,20200427  05:09:00,57.4,57.4,57.4,57.4
1,20200427  05:10:00,57.4,57.4,57.4,57.4
1,20200427  05:11:00,57.4,57.4,57.4,57.4
1,20200427  05:12:00,57.4,57.4,57.4,57.4
1,20200427  05:13:00,57.4,57.4,57.4,57.4
1,20200427  05:14:00,57.4,57.39,57.4,57.39
1,20200427  05:15:00,57.39,57.39,57.39,57.39
1,20200427  05:16:00,57.39,57.39,57.39,57.39
1,20200427  05:17:00,57.5,57.5,57.5,57.5
1,20200427  05:18:00,57.5,57.5,57.5,57.5
1,20200427  05:19:00,57.5,57.5,57.5,57.5
1,20200427  05:20:00,57.5,57.5,57.5,57.5
1,20200427  05:21:00,57.5,57.5,57.5,57.5
1,20200427  05:22:00,57.4,57.4,57.4,57.4
1,20200427  05:23:00,57.4,57.4,57.4,57.4
1,20200427  05:24:00,57.4,57.4,57.4,57.4
1,20200427  05:25:00,57.4,57.4,57.4,57.4
1,20200427  05:26:00,57.4,57.4,57.4,57.4
1,20200427  05:27:00,57.4,57.39,57.4,57.39
1,20200427  05:28:00,57.39,57.35,57.39,57.35
1,20200427  05:29:00,57.35,57.35,57.35,57.35
1,20200427  05:30:00,57.35,57.35,57.35,57.35
1,20200427  05:31:00,57.35,57.35,57.35,57.35
1,20200427  05:32:00,57.35,57.35,57.35,57.35
1,20200427  05:33:00,57.35,57.35,57.35,57.35
1,20200427  05:34:00,57.35,57.35,57.35,57.35
1,20200427  05:35:00,57.35,57.35,57.35,57.35
1,20200427  05:36:00,57.35,57.35,57.35,57.35
1,20200427  05:37:00,57.35,57.35,57.35,57.35
1,20200427  05:38:00,57.35,57.35,57.35,57.35
1,20200427  05:39:00,57.35,57.35,57.35,57.35
1,20200427  05:40:00,57.35,57.35,57.35,57.35
1,20200427  05:41:00,57.35,57.35,57.35,57.35
1,20200427  05:42:00,57.35,57.35,57.35,57.35
1,20200427  05:43:00,57.35,57.35,57.35,57.35
1,20200427  05:44:00,57.35,57.35,57.35,57.35
1,20200427  05:45:00,57.35,57.35,57.35,57.35
1,20200427  05:46:00,57.42,57.4,57.42,57.4
1,20200427  05:47:00,57.4,57.31,57.36,57.31
1,20200427  05:48:00,57.31,57.31,57.31,57.31
1,20200427  05:49:00,57.31,57.27,57.31,57.27
1,20200427  05:50:00,57.27,57.27,57.27,57.27
1,20200427  05:51:00,57.27,57.27,57.27,57.27
1,20200427  05:52:00,57.27,57.27,57.27,57.27
1,20200427  05:53:00,57.21,57.2,57.21,57.2
1,20200427  05:54:00,57.25,57.25,57.25,57.25
1,20200427  05:55:00,57.25,57.25,57.25,57.25
1,20200427  05:56:00,57.25,57.25,57.25,57.25
1,20200427  05:57:00,57.25,57.25,57.25,57.25
1,20200427  05:58:00,57.38,57.36,57.36,57.38
1,20200427  05:59:00,57.38,57.38,57.38,57.38
1,20200427  06:00:00,57.35,57.12,57.27,57.27
1,20200427  06:01:00,57.35,57.3,57.3,57.35
1,20200427  06:02:00,57.35,57.3,57.3,57.3
1,20200427  06:03:00,57.3,57.28,57.3,57.28
1,20200427  06:04:00,57.3,57.27,57.27,57.3
1,20200427  06:05:00,57.3,57.28,57.3,57.28
1,20200427  06:06:00,57.28,57.23,57.27,57.23
1,20200427  06:07:00,57.28,57.26,57.27,57.28
1,20200427  06:08:00,57.33,57.29,57.29,57.33
1,20200427  06:09:00,57.3,57.28,57.3,57.28
1,20200427  06:10:00,57.27,57.24,57.24,57.25
1,20200427  06:11:00,57.28,57.28,57.28,57.28
1,20200427  06:12:00,57.3,57.27,57.29,57.27
1,20200427  06:13:00,57.27,57.27,57.27,57.27
1,20200427  06:14:00,57.28,57.28,57.28,57.28
1,20200427  06:15:00,57.3,57.3,57.3,57.3
1,20200427  06:16:00,57.3,57.28,57.3,57.29
1,20200427  06:17:00,57.25,57.22,57.25,57.22
1,20200427  06:18:00,57.3,57.23,57.25,57.3
1,20200427  06:19:00,57.35,57.3,57.3,57.35
1,20200427  06:20:00,57.35,57.35,57.35,57.35
1,20200427  06:21:00,57.35,57.31,57.32,57.34
1,20200427  06:22:00,57.35,57.35,57.35,57.35
1,20200427  06:23:00,57.36,57.36,57.36,57.36
1,20200427  06:24:00,57.36,57.32,57.36,57.32
1,20200427  06:25:00,57.35,57.32,57.32,57.35
1,20200427  06:26:00,57.35,57.35,57.35,57.35
1,20200427  06:27:00,57.35,57.35,57.35,57.35
1,20200427  06:28:00,57.35,57.35,57.35,57.35
1,20200427  06:29:00,57.39,57.39,57.39,57.39
1,20200427  06:30:00,57.4,57.39,57.39,57.39
1,20200427  06:31:00,57.4,57.38,57.39,57.38
1,20200427  06:32:00,57.35,57.33,57.35,57.35
1,20200427  06:33:00,57.37,57.33,57.33,57.37
1,20200427  06:34:00,57.39,57.37,57.37,57.39
1,20200427  06:35:00,57.4,57.39,57.39,57.4
1,20200427  06:36:00,57.44,57.42,57.42,57.44
1,20200427  06:37:00,57.48,57.45,57.45,57.48
1,20200427  06:38:00,57.48,57.46,57.46,57.48
1,20200427  06:39:00,57.48,57.44,57.48,57.48
1,20200427  06:40:00,57.47,57.45,57.45,57.47
1,20200427  06:41:00,57.45,57.45,57.45,57.45
1,20200427  06:42:00,57.43,57.4,57.43,57.43
1,20200427  06:43:00,57.49,57.47,57.47,57.49
1,20200427  06:44:00,57.49,57.49,57.49,57.49
1,20200427  06:45:00,57.49,57.46,57.46,57.49
1,20200427  06:46:00,57.49,57.48,57.49,57.48
1,20200427  06:47:00,57.48,57.48,57.48,57.48
1,20200427  06:48:00,57.5,57.5,57.5,57.5
1,20200427  06:49:00,57.48,57.48,57.48,57.48
1,20200427  06:50:00,57.49,57.49,57.49,57.49
1,20200427  06:51:00,57.5,57.48,57.48,57.48
1,20200427  06:52:00,57.48,57.46,57.47,57.48
1,20200427  06:53:00,57.48,57.48,57.48,57.48
1,20200427  06:54:00,57.48,57.48,57.48,57.48
1,20200427  06:55:00,57.48,57.48,57.48,57.48
1,20200427  06:56:00,57.49,57.48,57.49,57.49
1,20200427  06:57:00,57.5,57.5,57.5,57.5
1,20200427  06:58:00,57.49,57.46,57.49,57.46
1,20200427  06:59:00,57.48,57.43,57.45,57.43
1,20200427  07:00:00,57.5,57.24,57.47,57.47
1,20200427  07:01:00,57.48,57.45,57.47,57.48
1,20200427  07:02:00,57.48,57.45,57.46,57.48
1,20200427  07:03:00,57.49,57.45,57.49,57.45
1,20200427  07:04:00,57.46,57.43,57.46,57.46
1,20200427  07:05:00,57.46,57.45,57.46,57.45
1,20200427  07:06:00,57.47,57.43,57.44,57.43
1,20200427  07:07:00,57.43,57.36,57.43,57.4
1,20200427  07:08:00,57.45,57.45,57.45,57.45
1,20200427  07:09:00,57.44,57.44,57.44,57.44
1,20200427  07:10:00,57.44,57.43,57.43,57.44
1,20200427  07:11:00,57.43,57.43,57.43,57.43
1,20200427  07:12:00,57.45,57.44,57.45,57.45
1,20200427  07:13:00,57.45,57.44,57.44,57.45
1,20200427  07:14:00,57.46,57.44,57.46,57.44
1,20200427  07:15:00,57.44,57.44,57.44,57.44
1,20200427  07:16:00,57.55,57.44,57.44,57.55
1,20200427  07:17:00,57.55,57.54,57.55,57.55
1,20200427  07:18:00,57.6,57.57,57.57,57.6
1,20200427  07:19:00,57.64,57.6,57.6,57.64
1,20200427  07:20:00,57.68,57.64,57.64,57.68
1,20200427  07:21:00,57.69,57.66,57.68,57.69
1,20200427  07:22:00,57.69,57.6,57.69,57.6
1,20200427  07:23:00,57.68,57.65,57.65,57.68
1,20200427  07:24:00,57.68,57.62,57.68,57.62
1,20200427  07:25:00,57.65,57.58,57.62,57.58
1,20200427  07:26:00,57.58,57.54,57.58,57.56
1,20200427  07:27:00,57.55,57.52,57.55,57.55
1,20200427  07:28:00,57.55,57.5,57.52,57.5
1,20200427  07:29:00,57.53,57.48,57.53,57.51
1,20200427  07:30:00,57.56,57.5,57.52,57.56
1,20200427  07:31:00,57.57,57.57,57.57,57.57
1,20200427  07:32:00,57.56,57.53,57.56,57.53
1,20200427  07:33:00,57.51,57.47,57.51,57.47
1,20200427  07:34:00,57.46,57.37,57.46,57.38
1,20200427  07:35:00,57.4,57.36,57.4,57.36
1,20200427  07:36:00,57.43,57.4,57.4,57.42
1,20200427  07:37:00,57.42,57.4,57.41,57.42
1,20200427  07:38:00,57.43,57.41,57.43,57.41
1,20200427  07:39:00,57.43,57.42,57.43,57.43
1,20200427  07:40:00,57.5,57.43,57.43,57.5
1,20200427  07:41:00,57.5,57.47,57.49,57.48
1,20200427  07:42:00,57.5,57.48,57.48,57.5
1,20200427  07:43:00,57.47,57.45,57.47,57.45
1,20200427  07:44:00,57.45,57.45,57.45,57.45
1,20200427  07:45:00,57.49,57.46,57.46,57.46
1,20200427  07:46:00,57.48,57.44,57.45,57.48
1,20200427  07:47:00,57.48,57.48,57.48,57.48
1,20200427  07:48:00,57.48,57.45,57.47,57.48
1,20200427  07:49:00,57.47,57.46,57.47,57.47
1,20200427  07:50:00,57.47,57.45,57.45,57.45
1,20200427  07:51:00,57.5,57.46,57.47,57.5
1,20200427  07:52:00,57.5,57.5,57.5,57.5
1,20200427  07:53:00,57.53,57.5,57.53,57.5
1,20200427  07:54:00,57.54,57.53,57.54,57.53
1,20200427  07:55:00,57.54,57.52,57.53,57.54
1,20200427  07:56:00,57.5,57.44,57.5,57.44
1,20200427  07:57:00,57.49,57.44,57.49,57.44
1,20200427  07:58:00,57.49,57.44,57.49,57.44
1,20200427  07:59:00,57.45,57.44,57.45,57.44
1,20200427  08:00:00,57.6,57.48,57.48,57.51
1,20200427  08:01:00,57.57,57.51,57.52,57.57
1,20200427  08:02:00,57.65,57.55,57.55,57.65
1,20200427  08:03:00,57.64,57.62,57.62,57.64
1,20200427  08:04:00,57.64,57.63,57.63,57.63
1,20200427  08:05:00,57.65,57.6,57.63,57.6
1,20200427  08:06:00,57.64,57.6,57.61,57.64
1,20200427  08:07:00,57.64,57.6,57.61,57.64
1,20200427  08:08:00,57.64,57.6,57.64,57.6
1,20200427  08:09:00,57.6,57.55,57.6,57.6
1,20200427  08:10:00,57.6,57.53,57.6,57.58
1,20200427  08:11:00,57.54,57.46,57.53,57.54
1,20200427  08:12:00,57.5,57.45,57.5,57.46
1,20200427  08:13:00,57.48,57.43,57.46,57.44
1,20200427  08:14:00,57.48,57.48,57.48,57.48
1,20200427  08:15:00,57.49,57.48,57.48,57.49
1,20200427  08:16:00,57.5,57.45,57.45,57.5
1,20200427  08:17:00,57.52,57.45,57.49,57.45
1,20200427  08:18:00,57.45,57.41,57.45,57.41
1,20200427  08:19:00,57.5,57.42,57.45,57.5
1,20200427  08:20:00,57.5,57.43,57.45,57.43
1,20200427  08:21:00,57.5,57.42,57.42,57.5
1,20200427  08:22:00,57.45,57.4,57.45,57.4
1,20200427  08:23:00,57.4,57.37,57.4,57.39
1,20200427  08:24:00,57.4,57.37,57.4,57.39
1,20200427  08:25:00,57.39,57.37,57.39,57.38
1,20200427  08:26:00,57.38,57.36,57.37,57.36
1,20200427  08:27:00,57.36,57.24,57.35,57.25
1,20200427  08:28:00,57.56,57.32,57.44,57.5
1,20200427  08:29:00,57.52,57.44,57.51,57.51
1,20200427  08:30:00,57.5,57.08,57.44,57.17
1,20200427  08:31:00,57.25,57.09,57.18,57.23
1,20200427  08:32:00,57.5,57.18,57.23,57.49
1,20200427  08:33:00,57.63,57.45,57.47,57.57
1,20200427  08:34:00,57.64,57.49,57.56,57.55
1,20200427  08:35:00,57.74,57.54,57.55,57.67
1,20200427  08:36:00,57.67,57.45,57.67,57.59
1,20200427  08:37:00,57.69,57.53,57.58,57.67
1,20200427  08:38:00,57.77,57.66,57.67,57.74
1,20200427  08:39:00,57.75,57.62,57.74,57.75
1,20200427  08:40:00,57.75,57.7,57.75,57.75
1,20200427  08:41:00,57.75,57.62,57.75,57.74
1,20200427  08:42:00,57.98,57.74,57.75,57.97
1,20200427  08:43:00,58.0,57.86,57.97,57.97
1,20200427  08:44:00,57.97,57.84,57.97,57.88
1,20200427  08:45:00,57.96,57.87,57.88,57.95
1,20200427  08:46:00,57.96,57.78,57.96,57.81
1,20200427  08:47:00,57.89,57.73,57.8,57.79
1,20200427  08:48:00,57.82,57.72,57.79,57.73
1,20200427  08:49:00,57.79,57.71,57.73,57.75
1,20200427  08:50:00,57.79,57.57,57.76,57.63
1,20200427  08:51:00,57.78,57.59,57.65,57.75
1,20200427  08:52:00,57.87,57.75,57.76,57.84
1,20200427  08:53:00,57.84,57.75,57.84,57.75
1,20200427  08:54:00,57.77,57.52,57.75,57.59
1,20200427  08:55:00,57.68,57.57,57.58,57.64
1,20200427  08:56:00,57.76,57.62,57.64,57.71
1,20200427  08:57:00,57.75,57.63,57.7,57.68
1,20200427  08:58:00,57.74,57.57,57.69,57.58
1,20200427  08:59:00,57.6,57.5,57.58,57.52
1,20200427  09:00:00,57.61,57.47,57.52,57.57
1,20200427  09:01:00,57.64,57.57,57.57,57.59
1,20200427  09:02:00,57.59,57.4,57.59,57.46
1,20200427  09:03:00,57.61,57.45,57.46,57.55
1,20200427  09:04:00,57.57,57.5,57.55,57.52
1,20200427  09:05:00,57.56,57.5,57.52,57.55
1,20200427  09:06:00,57.57,57.52,57.56,57.57
1,20200427  09:07:00,57.73,57.57,57.57,57.72
1,20200427  09:08:00,57.73,57.64,57.73,57.65
1,20200427  09:09:00,57.71,57.63,57.66,57.67
1,20200427  09:10:00,57.69,57.61,57.66,57.69
1,20200427  09:11:00,57.7,57.66,57.69,57.68
1,20200427  09:12:00,57.74,57.64,57.69,57.74
1,20200427  09:13:00,57.83,57.74,57.74,57.79
1,20200427  09:14:00,57.8,57.7,57.8,57.75
1,20200427  09:15:00,57.77,57.63,57.75,57.67
1,20200427  09:16:00,57.67,57.55,57.66,57.66
1,20200427  09:17:00,57.66,57.57,57.65,57.61
1,20200427  09:18:00,57.65,57.57,57.6,57.59
1,20200427  09:19:00,57.62,57.56,57.6,57.62
1,20200427  09:20:00,57.67,57.5,57.62,57.52
1,20200427  09:21:00,57.6,57.51,57.53,57.54
1,20200427  09:22:00,57.56,57.46,57.54,57.47
1,20200427  09:23:00,57.47,57.33,57.46,57.42
1,20200427  09:24:00,57.49,57.41,57.41,57.43
1,20200427  09:25:00,57.47,57.38,57.43,57.47
1,20200427  09:26:00,57.54,57.44,57.45,57.45
1,20200427  09:27:00,57.5,57.4,57.46,57.45
1,20200427  09:28:00,57.52,57.44,57.46,57.51
1,20200427  09:29:00,57.51,57.43,57.5,57.48
1,20200427  09:30:00,57.49,57.37,57.49,57.38
1,20200427  09:31:00,57.39,57.3,57.38,57.33
1,20200427  09:32:00,57.34,57.23,57.34,57.28
1,20200427  09:33:00,57.28,57.22,57.28,57.27
1,20200427  09:34:00,57.28,57.13,57.28,57.15
1,20200427  09:35:00,57.14,56.91,57.14,57.07
1,20200427  09:36:00,57.13,56.97,57.06,57.07
1,20200427  09:37:00,57.17,57.05,57.08,57.11
1,20200427  09:38:00,57.15,57.07,57.12,57.1
1,20200427  09:39:00,57.13,57.03,57.1,57.11
1,20200427  09:40:00,57.22,57.1,57.11,57.22
1,20200427  09:41:00,57.27,57.19,57.22,57.24
1,20200427  09:42:00,57.25,57.15,57.23,57.22
1,20200427  09:43:00,57.25,57.15,57.22,57.23
1,20200427  09:44:00,57.24,57.1,57.22,57.11
1,20200427  09:45:00,57.11,56.95,57.1,56.95
1,20200427  09:46:00,56.99,56.86,56.95,56.93
1,20200427  09:47:00,56.99,56.91,56.93,56.95
1,20200427  09:48:00,57.02,56.93,56.95,57.02
1,20200427  09:49:00,57.08,57.02,57.02,57.04
1,20200427  09:50:00,57.13,57.04,57.04,57.09
1,20200427  09:51:00,57.19,57.08,57.08,57.17
1,20200427  09:52:00,57.19,57.14,57.18,57.17
1,20200427  09:53:00,57.17,56.98,57.17,57.0
1,20200427  09:54:00,57.0,56.88,57.0,56.91
1,20200427  09:55:00,56.91,56.81,56.91,56.82
1,20200427  09:56:00,56.83,56.68,56.83,56.77
1,20200427  09:57:00,56.82,56.6,56.78,56.61
1,20200427  09:58:00,56.63,56.49,56.61,56.52
1,20200427  09:59:00,56.53,56.43,56.52,56.47
1,20200427  10:00:00,56.57,56.35,56.47,56.5
1,20200427  10:01:00,56.68,56.5,56.51,56.67
1,20200427  10:02:00,56.83,56.65,56.67,56.8
1,20200427  10:03:00,56.86,56.76,56.8,56.81
1,20200427  10:04:00,56.84,56.76,56.8,56.76
1,20200427  10:05:00,56.78,56.67,56.76,56.71
1,20200427  10:06:00,56.75,56.66,56.71,56.74
1,20200427  10:07:00,56.83,56.74,56.74,56.8
1,20200427  10:08:00,56.9,56.79,56.8,56.88
1,20200427  10:09:00,56.95,56.87,56.88,56.9
1,20200427  10:10:00,56.96,56.84,56.9,56.94
1,20200427  10:11:00,56.97,56.84,56.94,56.85
1,20200427  10:12:00,56.9,56.84,56.86,56.85
1,20200427  10:13:00,56.95,56.85,56.86,56.94
1,20200427  10:14:00,56.97,56.92,56.93,56.97
1,20200427  10:15:00,57.09,56.96,56.97,57.08
1,20200427  10:16:00,57.17,57.07,57.08,57.17
1,20200427  10:17:00,57.19,57.12,57.17,57.14
1,20200427  10:18:00,57.18,57.13,57.14,57.16
1,20200427  10:19:00,57.3,57.17,57.17,57.3
1,20200427  10:20:00,57.3,57.22,57.3,57.23
1,20200427  10:21:00,57.23,57.16,57.23,57.18
1,20200427  10:22:00,57.2,57.15,57.19,57.17
1,20200427  10:23:00,57.18,57.13,57.16,57.17
1,20200427  10:24:00,57.24,57.16,57.17,57.19
1,20200427  10:25:00,57.28,57.18,57.19,57.28
1,20200427  10:26:00,57.3,57.23,57.3,57.29
1,20200427  10:27:00,57.37,57.28,57.28,57.34
1,20200427  10:28:00,57.37,57.33,57.34,57.36
1,20200427  10:29:00,57.37,57.28,57.35,57.34
1,20200427  10:30:00,57.36,57.3,57.33,57.33
1,20200427  10:31:00,57.34,57.23,57.32,57.32
1,20200427  10:32:00,57.4,57.29,57.32,57.32
1,20200427  10:33:00,57.36,57.3,57.33,57.35
1,20200427  10:34:00,57.36,57.3,57.35,57.31
1,20200427  10:35:00,57.31,57.21,57.31,57.24
1,20200427  10:36:00,57.24,57.14,57.23,57.19
1,20200427  10:37:00,57.27,57.18,57.18,57.25
1,20200427  10:38:00,57.35,57.25,57.26,57.34
1,20200427  10:39:00,57.38,57.33,57.34,57.37
1,20200427  10:40:00,57.38,57.34,57.37,57.37
1,20200427  10:41:00,57.4,57.33,57.37,57.35
1,20200427  10:42:00,57.35,57.26,57.34,57.27
1,20200427  10:43:00,57.34,57.27,57.28,57.31
1,20200427  10:44:00,57.32,57.23,57.31,57.29
1,20200427  10:45:00,57.31,57.23,57.29,57.26
1,20200427  10:46:00,57.29,57.23,57.26,57.23
1,20200427  10:47:00,57.28,57.22,57.23,57.23
1,20200427  10:48:00,57.24,57.05,57.22,57.13
1,20200427  10:49:00,57.15,57.06,57.14,57.08
1,20200427  10:50:00,57.12,57.01,57.08,57.06
1,20200427  10:51:00,57.07,57.0,57.04,57.01
1,20200427  10:52:00,57.06,56.96,57.02,56.99
1,20200427  10:53:00,57.07,56.99,56.99,57.06
1,20200427  10:54:00,57.11,57.05,57.07,57.07
1,20200427  10:55:00,57.13,57.05,57.07,57.07
1,20200427  10:56:00,57.11,57.03,57.07,57.1
1,20200427  10:57:00,57.15,57.07,57.09,57.14
1,20200427  10:58:00,57.19,57.13,57.14,57.17
1,20200427  10:59:00,57.21,57.12,57.16,57.18
1,20200427  11:00:00,57.25,57.1,57.18,57.1
1,20200427  11:01:00,57.12,57.0,57.1,57.04
1,20200427  11:02:00,57.06,57.02,57.05,57.03
1,20200427  11:03:00,57.06,57.0,57.03,57.01
1,20200427  11:04:00,57.02,56.91,57.01,56.93
1,20200427  11:05:00,57.03,56.92,56.93,56.98
1,20200427  11:06:00,57.06,56.98,56.98,57.03
1,20200427  11:07:00,57.1,57.04,57.05,57.07
1,20200427  11:08:00,57.1,57.01,57.07,57.04
1,20200427  11:09:00,57.05,57.01,57.03,57.03
1,20200427  11:10:00,57.05,56.94,57.03,56.97
1,20200427  11:11:00,57.06,56.96,56.98,57.05
1,20200427  11:12:00,57.12,57.03,57.04,57.07
1,20200427  11:13:00,57.1,57.01,57.07,57.02
1,20200427  11:14:00,57.06,56.98,57.02,57.05
1,20200427  11:15:00,57.1,57.03,57.05,57.1
1,20200427  11:16:00,57.11,57.05,57.1,57.1
1,20200427  11:17:00,57.19,57.08,57.09,57.17
1,20200427  11:18:00,57.24,57.14,57.17,57.23
1,20200427  11:19:00,57.25,57.2,57.23,57.2
1,20200427  11:20:00,57.22,57.15,57.19,57.2
1,20200427  11:21:00,57.23,57.12,57.2,57.22
1,20200427  11:22:00,57.22,57.15,57.21,57.16
1,20200427  11:23:00,57.16,57.1,57.16,57.16
1,20200427  11:24:00,57.19,57.15,57.16,57.18
1,20200427  11:25:00,57.22,57.14,57.18,57.15
1,20200427  11:26:00,57.17,57.13,57.15,57.14
1,20200427  11:27:00,57.15,57.1,57.15,57.1
1,20200427  11:28:00,57.11,57.0,57.11,57.07
1,20200427  11:29:00,57.13,57.06,57.07,57.07
1,20200427  11:30:00,57.14,57.06,57.07,57.06
1,20200427  11:31:00,57.12,57.06,57.07,57.12
1,20200427  11:32:00,57.15,57.08,57.12,57.14
1,20200427  11:33:00,57.19,57.13,57.14,57.19
1,20200427  11:34:00,57.24,57.18,57.18,57.23
1,20200427  11:35:00,57.23,57.15,57.22,57.2
1,20200427  11:36:00,57.23,57.14,57.19,57.15
1,20200427  11:37:00,57.15,57.08,57.14,57.08
1,20200427  11:38:00,57.12,57.06,57.08,57.07
1,20200427  11:39:00,57.12,57.06,57.07,57.11
1,20200427  11:40:00,57.14,57.06,57.11,57.09
1,20200427  11:41:00,57.14,57.05,57.09,57.13
1,20200427  11:42:00,57.14,57.1,57.13,57.13
1,20200427  11:43:00,57.15,57.1,57.13,57.15
1,20200427  11:44:00,57.18,57.13,57.15,57.18
1,20200427  11:45:00,57.19,57.11,57.18,57.13
1,20200427  11:46:00,57.14,57.09,57.13,57.09
1,20200427  11:47:00,57.1,57.06,57.09,57.08
1,20200427  11:48:00,57.14,57.08,57.09,57.14
1,20200427  11:49:00,57.14,57.11,57.13,57.14
1,20200427  11:50:00,57.17,57.13,57.14,57.16
1,20200427  11:51:00,57.15,57.06,57.15,57.06
1,20200427  11:52:00,57.07,57.0,57.06,57.01
1,20200427  11:53:00,57.05,56.97,57.02,57.05
1,20200427  11:54:00,57.06,57.0,57.05,57.01
1,20200427  11:55:00,57.04,57.0,57.01,57.03
1,20200427  11:56:00,57.08,57.01,57.02,57.06
1,20200427  11:57:00,57.08,57.04,57.06,57.04
1,20200427  11:58:00,57.05,57.02,57.05,57.04
1,20200427  11:59:00,57.09,57.0,57.05,57.08
1,20200427  12:00:00,57.1,57.05,57.09,57.07
1,20200427  12:01:00,57.07,56.92,57.07,56.92
1,20200427  12:02:00,56.97,56.9,56.93,56.93
1,20200427  12:03:00,56.94,56.85,56.93,56.88
1,20200427  12:04:00,56.91,56.86,56.88,56.89
1,20200427  12:05:00,56.9,56.8,56.89,56.84
1,20200427  12:06:00,56.85,56.8,56.84,56.82
1,20200427  12:07:00,56.84,56.78,56.82,56.8
1,20200427  12:08:00,56.82,56.78,56.81,56.78
1,20200427  12:09:00,56.78,56.7,56.78,56.71
1,20200427  12:10:00,56.74,56.65,56.71,56.66
1,20200427  12:11:00,56.67,56.58,56.66,56.6
1,20200427  12:12:00,56.71,56.59,56.6,56.67
1,20200427  12:13:00,56.68,56.61,56.67,56.63
1,20200427  12:14:00,56.65,56.51,56.64,56.51
1,20200427  12:15:00,56.59,56.48,56.52,56.58
1,20200427  12:16:00,56.61,56.55,56.59,56.61
1,20200427  12:17:00,56.66,56.6,56.6,56.62
1,20200427  12:18:00,56.63,56.56,56.63,56.58
1,20200427  12:19:00,56.6,56.55,56.59,56.58
1,20200427  12:20:00,56.6,56.57,56.58,56.59
1,20200427  12:21:00,56.66,56.57,56.59,56.62
1,20200427  12:22:00,56.67,56.61,56.61,56.62
1,20200427  12:23:00,56.63,56.57,56.61,56.57
1,20200427  12:24:00,56.57,56.46,56.57,56.47
1,20200427  12:25:00,56.55,56.43,56.47,56.51
1,20200427  12:26:00,56.59,56.51,56.52,56.58
1,20200427  12:27:00,56.68,56.58,56.58,56.67
1,20200427  12:28:00,56.66,56.62,56.66,56.63
1,20200427  12:29:00,56.65,56.58,56.63,56.59
1,20200427  12:30:00,56.62,56.55,56.6,56.61
1,20200427  12:31:00,56.61,56.56,56.6,56.59
1,20200427  12:32:00,56.6,56.53,56.58,56.55
1,20200427  12:33:00,56.57,56.53,56.56,56.54
1,20200427  12:34:00,56.57,56.52,56.54,56.57
