48,27042020  12:04:13,0,1545012216,0,PreSubmitted,0.0,10.0,0.0,0.0
49,27042020  12:04:13,48,1545012217,0,PreSubmitted,0.0,10.0,0.0,0.0
49,27042020  12:04:13,48,1545012217,0,PreSubmitted,0.0,10.0,0.0,0.0
49,27042020  12:04:13,48,1545012217,0,PreSubmitted,0.0,10.0,0.0,0.0
48,27042020  12:04:13,0,1545012216,0,Submitted,0.0,10.0,0.0,0.0
50,27042020  12:04:13,48,1545012218,0,PreSubmitted,0.0,10.0,0.0,0.0
50,27042020  12:04:13,48,1545012218,0,PreSubmitted,0.0,10.0,0.0,0.0
48,27042020  12:04:29,0,1545012216,0,Cancelled,0.0,10.0,0.0,0.0
49,27042020  12:04:29,48,1545012217,0,Cancelled,0.0,10.0,0.0,0.0
50,27042020  12:04:29,48,1545012218,0,Cancelled,0.0,10.0,0.0,0.0
