65,27042020  12:26:21,0,1545012239,0,PreSubmitted,0.0,10.0,0.0,0.0
66,27042020  12:26:21,65,1545012240,0,PreSubmitted,0.0,10.0,0.0,0.0
66,27042020  12:26:21,65,1545012240,0,PreSubmitted,0.0,10.0,0.0,0.0
66,27042020  12:26:21,65,1545012240,0,PreSubmitted,0.0,10.0,0.0,0.0
65,27042020  12:26:21,0,1545012239,0,Submitted,0.0,10.0,0.0,0.0
67,27042020  12:26:21,65,1545012241,0,PreSubmitted,0.0,10.0,0.0,0.0
67,27042020  12:26:21,65,1545012241,0,PreSubmitted,0.0,10.0,0.0,0.0
66,27042020  12:27:22,65,1545012240,0,PreSubmitted,0.0,10.0,0.0,0.0
67,27042020  12:27:22,65,1545012241,0,PreSubmitted,0.0,10.0,0.0,0.0
67,27042020  12:27:22,65,1545012241,0,PreSubmitted,0.0,10.0,0.0,0.0
67,27042020  12:27:22,65,1545012241,0,PreSubmitted,0.0,10.0,0.0,0.0
65,27042020  12:27:22,0,1545012239,0,Filled,10.0,0.0,1.0825,1.0825
65,27042020  12:27:22,0,1545012239,0,Filled,10.0,0.0,1.0825,1.0825
66,27042020  12:27:22,65,1545012240,0,PreSubmitted,0.0,10.0,0.0,0.0
66,27042020  12:27:22,65,1545012240,0,Submitted,0.0,10.0,0.0,0.0
67,27042020  12:27:23,65,1545012241,0,PreSubmitted,0.0,10.0,0.0,0.0
67,27042020  12:27:23,65,1545012241,0,Submitted,0.0,10.0,0.0,0.0
66,27042020  12:29:16,65,1545012240,0,PendingCancel,0.0,0.0,0.0,0.0
66,27042020  12:29:16,65,1545012240,0,PendingCancel,0.0,0.0,0.0,0.0
67,27042020  12:29:16,65,1545012241,0,Filled,10.0,0.0,1.08242,1.08242
67,27042020  12:29:17,65,1545012241,0,Filled,10.0,0.0,1.08242,1.08242
66,27042020  12:29:17,65,1545012240,0,Cancelled,0.0,0.0,0.0,0.0
