30,27042020  11:55:05,0,1545012200,0,PreSubmitted,0.0,30.0,0.0,0.0
32,27042020  11:55:05,30,1545012201,0,PreSubmitted,0.0,30.0,0.0,0.0
32,27042020  11:55:05,30,1545012201,0,PreSubmitted,0.0,30.0,0.0,0.0
30,27042020  11:55:05,0,1545012200,0,Submitted,0.0,30.0,0.0,0.0
31,27042020  11:55:05,30,1545012202,0,PreSubmitted,0.0,30.0,0.0,0.0
31,27042020  11:55:05,30,1545012202,0,PreSubmitted,0.0,30.0,0.0,0.0
31,27042020  11:55:05,30,1545012202,0,PreSubmitted,0.0,30.0,0.0,0.0
32,27042020  11:56:27,30,1545012201,0,PreSubmitted,0.0,30.0,0.0,0.0
32,27042020  11:56:27,30,1545012201,0,PreSubmitted,0.0,30.0,0.0,0.0
32,27042020  11:56:27,30,1545012201,0,PreSubmitted,0.0,30.0,0.0,0.0
31,27042020  11:56:27,30,1545012202,0,PreSubmitted,0.0,30.0,0.0,0.0
30,27042020  11:56:27,0,1545012200,0,Filled,30.0,0.0,1.08222,1.08222
30,27042020  11:56:27,0,1545012200,0,Filled,30.0,0.0,1.08222,1.08222
31,27042020  11:56:27,30,1545012202,0,PreSubmitted,0.0,30.0,0.0,0.0
31,27042020  11:56:27,30,1545012202,0,Submitted,0.0,30.0,0.0,0.0
32,27042020  11:56:28,30,1545012201,0,PreSubmitted,0.0,30.0,0.0,0.0
32,27042020  11:56:28,30,1545012201,0,Submitted,0.0,30.0,0.0,0.0
