141,24072020  09:21:19,140,1611326815,0,PreSubmitted,0.0,1.0,0.0,0.0
141,24072020  09:21:19,140,1611326815,0,PreSubmitted,0.0,1.0,0.0,0.0
140,24072020  09:21:19,0,1611326814,0,Submitted,0.0,1.0,0.0,0.0
141,24072020  09:21:19,140,1611326815,0,PreSubmitted,0.0,1.0,0.0,0.0
140,24072020  09:21:19,0,1611326814,0,Filled,1.0,0.0,0.02,0.02
140,24072020  09:21:19,0,1611326814,0,Filled,1.0,0.0,0.02,0.02
141,24072020  09:21:19,140,1611326815,0,PreSubmitted,0.0,1.0,0.0,0.0
141,24072020  09:21:19,140,1611326815,0,Submitted,0.0,1.0,0.0,0.0
141,24072020  09:23:45,140,1611326815,0,Cancelled,0.0,1.0,0.0,0.0
0,24072020  09:23:49,0,1611326817,0,Submitted,0.0,1.0,0.0,0.0
0,24072020  09:23:49,0,1611326817,0,Filled,1.0,0.0,0.01,0.01
0,24072020  09:23:49,0,1611326817,0,Filled,1.0,0.0,0.01,0.01
