27,27042020  11:45:48,0,1545012169,0,PreSubmitted,0.0,30.0,0.0,0.0
27,27042020  11:45:48,0,1545012169,0,PreSubmitted,9.0,21.0,2.56,2.56
27,27042020  11:45:48,0,1545012169,0,PreSubmitted,15.0,15.0,2.56,2.56
27,27042020  11:45:48,0,1545012169,0,Submitted,15.0,15.0,2.56,2.56
27,27042020  11:45:48,0,1545012169,0,Submitted,15.0,15.0,2.56,2.56
27,27042020  11:45:48,0,1545012169,0,Submitted,21.0,9.0,2.56,2.56
27,27042020  11:45:48,0,1545012169,0,Submitted,21.0,9.0,2.56,2.56
27,27042020  11:45:48,0,1545012169,0,Submitted,21.0,9.0,2.56,2.56
27,27042020  11:45:49,0,1545012169,0,Submitted,22.0,8.0,2.560455,2.57
27,27042020  11:45:49,0,1545012169,0,Submitted,29.0,1.0,2.562759,2.57
27,27042020  11:45:49,0,1545012169,0,Filled,30.0,0.0,2.563,2.57
27,27042020  11:45:49,0,1545012169,0,Filled,30.0,0.0,2.563,2.57
27,27042020  11:45:49,0,1545012169,0,Filled,30.0,0.0,2.563,2.57
27,27042020  11:45:49,0,1545012169,0,Filled,30.0,0.0,2.563,2.57
