1,20200720  03:00:00,383.045,335.22,335.22,382.7
1,20200720  03:01:00,382.7,382.7,382.7,382.7
1,20200720  03:02:00,382.7,382.7,382.7,382.7
1,20200720  03:03:00,382.7,382.7,382.7,382.7
1,20200720  03:04:00,382.7,382.7,382.7,382.7
1,20200720  03:05:00,382.95,382.7,382.7,382.725
1,20200720  03:06:00,382.725,382.725,382.725,382.725
1,20200720  03:07:00,382.725,382.725,382.725,382.725
1,20200720  03:08:00,382.725,382.725,382.725,382.725
1,20200720  03:09:00,382.725,382.725,382.725,382.725
1,20200720  03:10:00,382.725,382.725,382.725,382.725
1,20200720  03:11:00,382.725,382.725,382.725,382.725
1,20200720  03:12:00,382.725,382.725,382.725,382.725
1,20200720  03:13:00,382.725,382.725,382.725,382.725
1,20200720  03:14:00,382.725,382.725,382.725,382.725
1,20200720  03:15:00,382.765,382.725,382.725,382.725
1,20200720  03:16:00,382.725,382.725,382.725,382.725
1,20200720  03:17:00,382.73,382.725,382.725,382.725
1,20200720  03:18:00,382.725,382.725,382.725,382.725
1,20200720  03:19:00,382.735,382.725,382.725,382.735
1,20200720  03:20:00,382.75,382.725,382.735,382.75
1,20200720  03:21:00,382.75,382.75,382.75,382.75
1,20200720  03:22:00,382.76,382.75,382.75,382.75
1,20200720  03:23:00,382.765,382.725,382.75,382.765
1,20200720  03:24:00,382.765,382.725,382.765,382.765
1,20200720  03:25:00,382.85,382.725,382.765,382.85
1,20200720  03:26:00,382.85,382.85,382.85,382.85
1,20200720  03:27:00,382.85,382.85,382.85,382.85
1,20200720  03:28:00,383.1,382.85,382.85,382.85
1,20200720  03:29:00,382.85,382.85,382.85,382.85
1,20200720  03:30:00,383.2,382.85,382.85,383.065
1,20200720  03:31:00,383.12,382.97,383.065,383.12
1,20200720  03:32:00,383.12,383.0,383.12,383.115
1,20200720  03:33:00,383.12,383.0,383.115,383.085
1,20200720  03:34:00,383.085,383.0,383.085,383.0
1,20200720  03:35:00,383.25,383.0,383.0,383.25
1,20200720  03:36:00,383.25,383.25,383.25,383.25
1,20200720  03:37:00,383.25,383.13,383.25,383.13
1,20200720  03:38:00,383.25,382.88,383.13,383.25
1,20200720  03:39:00,383.25,383.25,383.25,383.25
1,20200720  03:40:00,383.25,383.25,383.25,383.25
1,20200720  03:41:00,383.74,383.25,383.25,383.54
1,20200720  03:42:00,383.59,383.54,383.54,383.59
1,20200720  03:43:00,383.685,383.59,383.59,383.59
1,20200720  03:44:00,384.24,383.59,383.59,384.24
1,20200720  03:45:00,384.3,384.24,384.24,384.3
1,20200720  03:46:00,384.37,384.3,384.3,384.37
1,20200720  03:47:00,384.685,384.365,384.37,384.685
1,20200720  03:48:00,384.685,384.495,384.685,384.495
1,20200720  03:49:00,384.495,384.495,384.495,384.495
1,20200720  03:50:00,384.495,384.495,384.495,384.495
1,20200720  03:51:00,384.495,384.495,384.495,384.495
1,20200720  03:52:00,384.495,384.495,384.495,384.495
1,20200720  03:53:00,384.495,384.495,384.495,384.495
1,20200720  03:54:00,384.595,384.495,384.495,384.595
1,20200720  03:55:00,384.595,384.495,384.595,384.495
1,20200720  03:56:00,384.495,384.495,384.495,384.495
1,20200720  03:57:00,384.495,384.495,384.495,384.495
1,20200720  03:58:00,384.495,384.495,384.495,384.495
1,20200720  03:59:00,384.495,384.4,384.495,384.495
1,20200720  04:00:00,384.495,384.37,384.495,384.37
1,20200720  04:01:00,384.37,384.37,384.37,384.37
1,20200720  04:02:00,384.37,384.37,384.37,384.37
1,20200720  04:03:00,384.37,384.37,384.37,384.37
1,20200720  04:04:00,385.25,384.37,384.37,384.63
1,20200720  04:05:00,384.63,384.63,384.63,384.63
1,20200720  04:06:00,384.755,384.63,384.63,384.755
1,20200720  04:07:00,384.82,384.755,384.755,384.82
1,20200720  04:08:00,384.82,384.82,384.82,384.82
1,20200720  04:09:00,384.83,384.82,384.82,384.83
1,20200720  04:10:00,384.83,384.83,384.83,384.83
1,20200720  04:11:00,384.83,384.83,384.83,384.83
1,20200720  04:12:00,384.83,384.83,384.83,384.83
1,20200720  04:13:00,384.83,384.825,384.83,384.825
1,20200720  04:14:00,384.825,384.825,384.825,384.825
1,20200720  04:15:00,384.83,384.825,384.825,384.83
1,20200720  04:16:00,385.01,384.405,384.83,384.405
1,20200720  04:17:00,385.275,384.405,384.405,385.275
1,20200720  04:18:00,385.275,385.025,385.275,385.025
1,20200720  04:19:00,385.025,384.975,385.025,384.975
1,20200720  04:20:00,384.975,384.805,384.975,384.805
1,20200720  04:21:00,384.805,384.805,384.805,384.805
1,20200720  04:22:00,384.805,384.805,384.805,384.805
1,20200720  04:23:00,384.805,384.555,384.805,384.68
1,20200720  04:24:00,384.68,384.68,384.68,384.68
1,20200720  04:25:00,384.68,384.68,384.68,384.68
1,20200720  04:26:00,384.685,384.68,384.68,384.685
1,20200720  04:27:00,384.685,384.68,384.685,384.68
1,20200720  04:28:00,384.68,384.68,384.68,384.68
1,20200720  04:29:00,384.68,384.68,384.68,384.68
1,20200720  04:30:00,384.68,384.68,384.68,384.68
1,20200720  04:31:00,384.68,384.68,384.68,384.68
1,20200720  04:32:00,384.68,384.68,384.68,384.68
1,20200720  04:33:00,384.68,384.68,384.68,384.68
1,20200720  04:34:00,384.68,384.68,384.68,384.68
1,20200720  04:35:00,384.68,384.675,384.68,384.68
1,20200720  04:36:00,384.68,384.675,384.68,384.68
1,20200720  04:37:00,384.68,384.68,384.68,384.68
1,20200720  04:38:00,384.68,384.68,384.68,384.68
1,20200720  04:39:00,384.68,384.675,384.68,384.68
1,20200720  04:40:00,384.68,384.68,384.68,384.68
1,20200720  04:41:00,384.68,384.68,384.68,384.68
1,20200720  04:42:00,384.68,384.68,384.68,384.68
1,20200720  04:43:00,384.68,384.68,384.68,384.68
1,20200720  04:44:00,385.715,384.68,384.68,385.715
1,20200720  04:45:00,385.715,385.25,385.715,385.5
1,20200720  04:46:00,385.5,385.2,385.5,385.32
1,20200720  04:47:00,385.32,385.32,385.32,385.32
1,20200720  04:48:00,385.32,385.32,385.32,385.32
1,20200720  04:49:00,385.32,385.32,385.32,385.32
1,20200720  04:50:00,385.32,385.32,385.32,385.32
1,20200720  04:51:00,385.32,385.16,385.32,385.32
1,20200720  04:52:00,385.32,385.32,385.32,385.32
1,20200720  04:53:00,385.32,385.32,385.32,385.32
1,20200720  04:54:00,385.32,385.32,385.32,385.32
1,20200720  04:55:00,385.32,385.13,385.32,385.32
1,20200720  04:56:00,385.32,385.32,385.32,385.32
1,20200720  04:57:00,385.32,385.13,385.32,385.32
1,20200720  04:58:00,385.32,385.32,385.32,385.32
1,20200720  04:59:00,385.32,385.32,385.32,385.32
1,20200720  05:00:00,385.32,385.32,385.32,385.32
1,20200720  05:01:00,385.32,384.965,385.32,385.2
1,20200720  05:02:00,385.2,384.95,385.2,385.2
1,20200720  05:03:00,385.2,385.2,385.2,385.2
1,20200720  05:04:00,385.205,385.2,385.2,385.2
1,20200720  05:05:00,385.2,384.98,385.2,385.2
1,20200720  05:06:00,385.2,384.96,385.2,385.2
1,20200720  05:07:00,385.2,385.2,385.2,385.2
1,20200720  05:08:00,385.2,384.89,385.2,385.2
1,20200720  05:09:00,385.2,385.2,385.2,385.2
1,20200720  05:10:00,385.25,384.89,385.2,385.2
1,20200720  05:11:00,385.2,385.2,385.2,385.2
1,20200720  05:12:00,385.2,385.2,385.2,385.2
1,20200720  05:13:00,385.215,385.2,385.2,385.2
1,20200720  05:14:00,385.21,385.2,385.2,385.2
1,20200720  05:15:00,385.205,385.2,385.2,385.2
1,20200720  05:16:00,385.2,385.195,385.2,385.2
1,20200720  05:17:00,385.215,385.195,385.2,385.195
1,20200720  05:18:00,385.3,384.95,385.195,384.955
1,20200720  05:19:00,384.975,384.585,384.955,384.585
1,20200720  05:20:00,384.61,384.57,384.585,384.59
1,20200720  05:21:00,384.61,384.57,384.59,384.57
1,20200720  05:22:00,384.585,384.57,384.57,384.585
1,20200720  05:23:00,384.585,384.585,384.585,384.585
1,20200720  05:24:00,384.585,384.585,384.585,384.585
1,20200720  05:25:00,384.585,384.585,384.585,384.585
1,20200720  05:26:00,384.585,384.585,384.585,384.585
1,20200720  05:27:00,385.075,384.585,384.585,385.075
1,20200720  05:28:00,385.08,384.98,385.075,385.08
1,20200720  05:29:00,385.085,384.95,385.08,385.085
1,20200720  05:30:00,385.09,384.95,385.085,385.09
1,20200720  05:31:00,385.095,384.73,385.09,385.0
1,20200720  05:32:00,385.0,384.95,385.0,384.95
1,20200720  05:33:00,384.95,384.95,384.95,384.95
1,20200720  05:34:00,384.95,384.95,384.95,384.95
1,20200720  05:35:00,384.95,384.95,384.95,384.95
1,20200720  05:36:00,384.95,384.95,384.95,384.95
1,20200720  05:37:00,384.95,384.64,384.95,384.64
1,20200720  05:38:00,384.64,384.64,384.64,384.64
1,20200720  05:39:00,384.95,384.64,384.64,384.95
1,20200720  05:40:00,384.95,384.95,384.95,384.95
1,20200720  05:41:00,384.95,384.95,384.95,384.95
1,20200720  05:42:00,384.95,384.95,384.95,384.95
1,20200720  05:43:00,384.95,384.93,384.95,384.93
1,20200720  05:44:00,384.95,384.925,384.93,384.93
1,20200720  05:45:00,385.175,384.93,384.93,384.93
1,20200720  05:46:00,385.175,384.93,384.93,384.93
1,20200720  05:47:00,385.175,384.93,384.93,384.93
1,20200720  05:48:00,385.175,384.93,384.93,384.93
1,20200720  05:49:00,385.28,384.8,384.93,385.035
1,20200720  05:50:00,385.28,385.035,385.035,385.035
1,20200720  05:51:00,385.28,384.9,385.035,385.035
1,20200720  05:52:00,385.28,384.88,385.035,384.88
1,20200720  05:53:00,385.28,384.855,384.88,384.855
1,20200720  05:54:00,385.28,384.845,384.855,385.035
1,20200720  05:55:00,385.28,384.83,385.035,384.83
1,20200720  05:56:00,384.83,384.83,384.83,384.83
1,20200720  05:57:00,384.83,384.83,384.83,384.83
1,20200720  05:58:00,384.985,384.805,384.83,384.805
1,20200720  05:59:00,384.825,384.805,384.805,384.825
1,20200720  06:00:00,385.355,384.825,384.825,385.125
1,20200720  06:01:00,385.23,384.905,385.125,385.1
1,20200720  06:02:00,385.115,384.905,385.1,385.05
1,20200720  06:03:00,385.115,384.975,385.05,385.1
1,20200720  06:04:00,385.1,384.875,385.1,385.015
1,20200720  06:05:00,385.2,384.925,385.015,385.2
1,20200720  06:06:00,385.21,385.005,385.2,385.175
1,20200720  06:07:00,385.27,385.15,385.175,385.15
1,20200720  06:08:00,385.25,385.0,385.15,385.135
1,20200720  06:09:00,385.135,385.075,385.135,385.075
1,20200720  06:10:00,385.075,385.05,385.075,385.05
1,20200720  06:11:00,385.05,384.925,385.05,385.0
1,20200720  06:12:00,385.01,384.95,385.0,384.95
1,20200720  06:13:00,384.95,384.88,384.95,384.92
1,20200720  06:14:00,384.92,384.725,384.92,384.75
1,20200720  06:15:00,384.85,384.75,384.75,384.85
1,20200720  06:16:00,384.85,384.77,384.85,384.845
1,20200720  06:17:00,384.845,384.845,384.845,384.845
1,20200720  06:18:00,384.845,384.78,384.845,384.835
1,20200720  06:19:00,385.03,384.835,384.835,385.0
1,20200720  06:20:00,385.25,384.935,385.0,385.2
1,20200720  06:21:00,385.27,385.185,385.2,385.2
1,20200720  06:22:00,385.405,385.04,385.2,385.405
1,20200720  06:23:00,385.415,385.35,385.405,385.35
1,20200720  06:24:00,385.505,385.35,385.35,385.375
1,20200720  06:25:00,385.6,385.35,385.375,385.6
1,20200720  06:26:00,385.6,385.43,385.6,385.53
1,20200720  06:27:00,385.71,385.53,385.53,385.58
1,20200720  06:28:00,385.59,385.535,385.58,385.575
1,20200720  06:29:00,385.625,385.45,385.575,385.625
1,20200720  06:30:00,385.685,385.57,385.625,385.625
1,20200720  06:31:00,385.67,385.59,385.625,385.62
1,20200720  06:32:00,385.62,385.45,385.62,385.47
1,20200720  06:33:00,385.48,385.31,385.47,385.44
1,20200720  06:34:00,385.455,385.28,385.44,385.345
1,20200720  06:35:00,385.525,385.345,385.345,385.525
1,20200720  06:36:00,385.55,385.525,385.525,385.55
1,20200720  06:37:00,385.57,385.54,385.55,385.55
1,20200720  06:38:00,385.585,385.44,385.55,385.575
1,20200720  06:39:00,385.575,385.425,385.575,385.52
1,20200720  06:40:00,385.56,385.315,385.52,385.56
1,20200720  06:41:00,385.56,385.24,385.56,385.25
1,20200720  06:42:00,385.275,385.15,385.25,385.155
1,20200720  06:43:00,385.165,385.09,385.155,385.105
1,20200720  06:44:00,385.105,385.005,385.105,385.005
1,20200720  06:45:00,385.11,385.005,385.005,385.11
1,20200720  06:46:00,385.13,385.11,385.11,385.11
1,20200720  06:47:00,385.155,385.11,385.11,385.15
1,20200720  06:48:00,385.15,385.14,385.15,385.14
1,20200720  06:49:00,385.34,385.055,385.14,385.315
1,20200720  06:50:00,385.9,385.315,385.315,385.74
1,20200720  06:51:00,385.8,385.66,385.74,385.66
1,20200720  06:52:00,385.685,385.65,385.66,385.685
1,20200720  06:53:00,385.735,385.465,385.685,385.55
1,20200720  06:54:00,385.595,385.505,385.55,385.55
1,20200720  06:55:00,385.645,385.5,385.55,385.575
1,20200720  06:56:00,385.575,385.55,385.575,385.55
1,20200720  06:57:00,385.55,385.525,385.55,385.525
1,20200720  06:58:00,385.65,385.52,385.525,385.6
1,20200720  06:59:00,385.65,385.525,385.6,385.525
1,20200720  07:00:00,385.525,385.475,385.525,385.475
1,20200720  07:01:00,385.475,385.38,385.475,385.38
1,20200720  07:02:00,385.475,385.36,385.38,385.475
1,20200720  07:03:00,385.475,385.46,385.475,385.475
1,20200720  07:04:00,385.58,385.475,385.475,385.57
1,20200720  07:05:00,385.575,385.57,385.57,385.57
1,20200720  07:06:00,385.62,385.55,385.57,385.55
1,20200720  07:07:00,385.55,385.54,385.55,385.55
1,20200720  07:08:00,385.55,385.42,385.55,385.5
1,20200720  07:09:00,385.5,384.95,385.5,385.05
1,20200720  07:10:00,385.195,385.0,385.05,385.175
1,20200720  07:11:00,385.35,385.15,385.175,385.34
1,20200720  07:12:00,385.36,385.175,385.34,385.175
1,20200720  07:13:00,385.315,385.175,385.175,385.315
1,20200720  07:14:00,385.325,385.245,385.315,385.325
1,20200720  07:15:00,385.325,385.245,385.325,385.27
1,20200720  07:16:00,385.415,385.26,385.27,385.32
1,20200720  07:17:00,385.32,385.265,385.32,385.295
1,20200720  07:18:00,385.365,385.295,385.295,385.35
1,20200720  07:19:00,385.5,385.35,385.35,385.5
1,20200720  07:20:00,385.575,385.5,385.5,385.525
1,20200720  07:21:00,385.575,385.425,385.525,385.425
1,20200720  07:22:00,385.535,385.4,385.425,385.445
1,20200720  07:23:00,385.65,385.42,385.445,385.65
1,20200720  07:24:00,385.67,385.625,385.65,385.67
1,20200720  07:25:00,385.67,385.57,385.67,385.6
1,20200720  07:26:00,385.6,385.4,385.6,385.4
1,20200720  07:27:00,385.555,385.4,385.4,385.475
1,20200720  07:28:00,385.56,385.475,385.475,385.525
1,20200720  07:29:00,385.525,385.375,385.525,385.375
1,20200720  07:30:00,385.475,385.355,385.375,385.475
1,20200720  07:31:00,385.575,385.44,385.475,385.5
1,20200720  07:32:00,385.75,385.5,385.5,385.675
1,20200720  07:33:00,385.885,385.625,385.675,385.795
1,20200720  07:34:00,385.82,385.775,385.795,385.775
1,20200720  07:35:00,385.875,385.725,385.775,385.875
1,20200720  07:36:00,385.925,385.865,385.875,385.925
1,20200720  07:37:00,386.075,385.865,385.925,386.075
1,20200720  07:38:00,386.15,386.075,386.075,386.145
1,20200720  07:39:00,386.195,385.89,386.145,385.9
1,20200720  07:40:00,386.195,385.9,385.9,386.14
1,20200720  07:41:00,386.14,385.87,386.14,386.0
1,20200720  07:42:00,386.18,385.87,386.0,385.925
1,20200720  07:43:00,386.05,385.79,385.925,385.875
1,20200720  07:44:00,385.95,385.875,385.875,385.95
1,20200720  07:45:00,386.15,385.95,385.95,386.125
1,20200720  07:46:00,386.125,385.855,386.125,385.96
1,20200720  07:47:00,386.15,385.96,385.96,386.1
1,20200720  07:48:00,386.165,386.065,386.1,386.1
1,20200720  07:49:00,386.175,386.04,386.1,386.11
1,20200720  07:50:00,386.375,386.11,386.11,386.25
1,20200720  07:51:00,386.325,386.21,386.25,386.29
1,20200720  07:52:00,386.555,386.29,386.29,386.355
1,20200720  07:53:00,386.525,386.355,386.355,386.425
1,20200720  07:54:00,386.465,386.315,386.425,386.38
1,20200720  07:55:00,386.38,386.165,386.38,386.2
1,20200720  07:56:00,386.34,386.15,386.2,386.15
1,20200720  07:57:00,386.285,386.15,386.15,386.285
1,20200720  07:58:00,386.34,386.055,386.285,386.14
1,20200720  07:59:00,386.14,385.96,386.14,386.035
1,20200720  08:00:00,386.085,385.96,386.035,386.085
1,20200720  08:01:00,386.085,385.975,386.085,386.085
1,20200720  08:02:00,386.085,386.01,386.085,386.07
1,20200720  08:03:00,386.13,386.07,386.07,386.13
1,20200720  08:04:00,386.21,386.05,386.13,386.13
1,20200720  08:05:00,386.18,386.13,386.13,386.175
1,20200720  08:06:00,386.175,386.145,386.175,386.17
1,20200720  08:07:00,386.195,386.17,386.17,386.17
1,20200720  08:08:00,386.225,386.17,386.17,386.225
1,20200720  08:09:00,386.325,386.225,386.225,386.325
1,20200720  08:10:00,386.33,386.2,386.325,386.25
1,20200720  08:11:00,386.25,386.2,386.25,386.2
1,20200720  08:12:00,386.405,386.2,386.2,386.405
1,20200720  08:13:00,386.425,386.28,386.405,386.28
1,20200720  08:14:00,386.28,386.28,386.28,386.28
1,20200720  08:15:00,386.285,386.28,386.28,386.285
1,20200720  08:16:00,386.285,386.2,386.285,386.2
1,20200720  08:17:00,386.2,386.035,386.2,386.035
1,20200720  08:18:00,386.085,386.03,386.035,386.055
1,20200720  08:19:00,386.09,386.04,386.055,386.04
1,20200720  08:20:00,386.09,386.015,386.04,386.015
1,20200720  08:21:00,386.095,386.015,386.015,386.015
1,20200720  08:22:00,386.055,385.99,386.015,386.045
1,20200720  08:23:00,386.06,385.98,386.045,386.06
1,20200720  08:24:00,386.12,386.04,386.06,386.12
1,20200720  08:25:00,386.12,386.055,386.12,386.08
1,20200720  08:26:00,386.11,385.93,386.08,385.99
1,20200720  08:27:00,385.99,385.895,385.99,385.895
1,20200720  08:28:00,386.08,385.535,385.895,385.74
1,20200720  08:29:00,385.955,385.61,385.74,385.705
1,20200720  08:30:00,385.835,385.38,385.705,385.475
1,20200720  08:31:00,386.135,385.445,385.475,385.835
1,20200720  08:32:00,386.205,385.635,385.835,385.66
1,20200720  08:33:00,386.085,385.365,385.66,385.505
1,20200720  08:34:00,385.72,385.195,385.505,385.64
1,20200720  08:35:00,385.9,385.075,385.64,385.24
1,20200720  08:36:00,385.27,384.645,385.24,384.72
1,20200720  08:37:00,385.195,384.255,384.72,385.12
1,20200720  08:38:00,385.185,384.55,385.12,384.76
1,20200720  08:39:00,385.53,384.725,384.76,385.51
1,20200720  08:40:00,385.59,384.67,385.51,384.95
1,20200720  08:41:00,385.15,384.79,384.95,385.03
1,20200720  08:42:00,385.135,384.71,385.03,384.725
1,20200720  08:43:00,384.895,384.335,384.725,384.835
1,20200720  08:44:00,385.47,384.81,384.835,385.325
1,20200720  08:45:00,385.815,385.015,385.325,385.785
1,20200720  08:46:00,386.045,385.55,385.785,385.985
1,20200720  08:47:00,385.985,385.455,385.985,385.79
1,20200720  08:48:00,385.86,385.58,385.79,385.835
1,20200720  08:49:00,385.925,385.505,385.835,385.545
1,20200720  08:50:00,385.67,384.955,385.545,385.32
1,20200720  08:51:00,385.565,384.92,385.32,385.165
1,20200720  08:52:00,385.18,384.905,385.165,385.025
1,20200720  08:53:00,385.24,384.835,385.025,385.23
1,20200720  08:54:00,385.5,384.98,385.23,385.06
1,20200720  08:55:00,385.21,384.77,385.06,384.965
1,20200720  08:56:00,385.375,384.835,384.965,385.13
1,20200720  08:57:00,385.155,384.73,385.13,384.975
1,20200720  08:58:00,385.46,384.925,384.975,385.455
1,20200720  08:59:00,385.525,385.255,385.455,385.46
1,20200720  09:00:00,385.525,384.95,385.46,385.36
1,20200720  09:01:00,385.51,384.815,385.36,385.195
1,20200720  09:02:00,385.44,385.19,385.195,385.415
