59,27042020  12:20:38,0,1545012233,0,PreSubmitted,0.0,10.0,0.0,0.0
60,27042020  12:20:38,59,1545012234,0,PreSubmitted,0.0,10.0,0.0,0.0
60,27042020  12:20:38,59,1545012234,0,PreSubmitted,0.0,10.0,0.0,0.0
60,27042020  12:20:38,59,1545012234,0,PreSubmitted,0.0,10.0,0.0,0.0
59,27042020  12:20:38,0,1545012233,0,Submitted,0.0,10.0,0.0,0.0
61,27042020  12:20:38,59,1545012235,0,PreSubmitted,0.0,10.0,0.0,0.0
61,27042020  12:20:38,59,1545012235,0,PreSubmitted,0.0,10.0,0.0,0.0
60,27042020  12:21:34,59,1545012234,0,PreSubmitted,0.0,10.0,0.0,0.0
61,27042020  12:21:34,59,1545012235,0,PreSubmitted,0.0,10.0,0.0,0.0
61,27042020  12:21:34,59,1545012235,0,PreSubmitted,0.0,10.0,0.0,0.0
61,27042020  12:21:34,59,1545012235,0,PreSubmitted,0.0,10.0,0.0,0.0
59,27042020  12:21:34,0,1545012233,0,Filled,10.0,0.0,1.08249,1.08249
59,27042020  12:21:34,0,1545012233,0,Filled,10.0,0.0,1.08249,1.08249
60,27042020  12:21:34,59,1545012234,0,PreSubmitted,0.0,10.0,0.0,0.0
60,27042020  12:21:34,59,1545012234,0,Submitted,0.0,10.0,0.0,0.0
61,27042020  12:21:35,59,1545012235,0,PreSubmitted,0.0,10.0,0.0,0.0
61,27042020  12:21:35,59,1545012235,0,Submitted,0.0,10.0,0.0,0.0
60,27042020  12:21:41,59,1545012234,0,PendingCancel,0.0,0.0,0.0,0.0
60,27042020  12:21:41,59,1545012234,0,PendingCancel,0.0,0.0,0.0,0.0
61,27042020  12:21:41,59,1545012235,0,Filled,10.0,0.0,1.08236,1.08236
61,27042020  12:21:41,59,1545012235,0,Filled,10.0,0.0,1.08236,1.08236
60,27042020  12:21:41,59,1545012234,0,Cancelled,0.0,0.0,0.0,0.0
