56,27042020  12:09:14,0,1545012228,0,PreSubmitted,0.0,10.0,0.0,0.0
57,27042020  12:09:14,56,1545012229,0,PreSubmitted,0.0,10.0,0.0,0.0
57,27042020  12:09:14,56,1545012229,0,PreSubmitted,0.0,10.0,0.0,0.0
57,27042020  12:09:14,56,1545012229,0,PreSubmitted,0.0,10.0,0.0,0.0
56,27042020  12:09:14,0,1545012228,0,Submitted,0.0,10.0,0.0,0.0
58,27042020  12:09:14,56,1545012230,0,PreSubmitted,0.0,10.0,0.0,0.0
58,27042020  12:09:14,56,1545012230,0,PreSubmitted,0.0,10.0,0.0,0.0
57,27042020  12:09:23,56,1545012229,0,PreSubmitted,0.0,10.0,0.0,0.0
58,27042020  12:09:23,56,1545012230,0,PreSubmitted,0.0,10.0,0.0,0.0
58,27042020  12:09:23,56,1545012230,0,PreSubmitted,0.0,10.0,0.0,0.0
58,27042020  12:09:23,56,1545012230,0,PreSubmitted,0.0,10.0,0.0,0.0
56,27042020  12:09:23,0,1545012228,0,Filled,10.0,0.0,1.08238,1.08238
56,27042020  12:09:23,0,1545012228,0,Filled,10.0,0.0,1.08238,1.08238
57,27042020  12:09:23,56,1545012229,0,PreSubmitted,0.0,10.0,0.0,0.0
57,27042020  12:09:23,56,1545012229,0,Submitted,0.0,10.0,0.0,0.0
58,27042020  12:09:24,56,1545012230,0,PreSubmitted,0.0,10.0,0.0,0.0
58,27042020  12:09:24,56,1545012230,0,Submitted,0.0,10.0,0.0,0.0
57,27042020  12:09:54,56,1545012229,0,Submitted,0.0,10.0,0.0,0.0
58,27042020  12:09:55,56,1545012230,0,Submitted,0.0,10.0,0.0,0.0
58,27042020  12:10:47,56,1545012230,0,PendingCancel,0.0,0.0,0.0,0.0
58,27042020  12:10:47,56,1545012230,0,PendingCancel,0.0,0.0,0.0,0.0
57,27042020  12:10:47,56,1545012229,0,Filled,10.0,0.0,1.08226,1.08226
58,27042020  12:10:47,56,1545012230,0,Filled,10.0,0.0,1.08226,1.08226
57,27042020  12:10:48,56,1545012229,0,Filled,10.0,0.0,1.08226,1.08226
58,27042020  12:10:48,56,1545012230,0,Filled,10.0,0.0,1.08226,1.08226
58,27042020  12:10:48,56,1545012230,0,Filled,10.0,0.0,1.08226,1.08226
