1,20200720  08:34:00,385.72,385.195,385.505,385.64
1,20200720  08:35:00,385.9,385.075,385.64,385.24
1,20200720  08:36:00,385.27,384.645,385.24,384.72
1,20200720  08:37:00,385.195,384.255,384.72,385.12
1,20200720  08:38:00,385.185,384.55,385.12,384.76
1,20200720  08:39:00,385.53,384.725,384.76,385.51
1,20200720  08:40:00,385.59,384.67,385.51,384.95
1,20200720  08:41:00,385.15,384.79,384.95,385.03
1,20200720  08:42:00,385.135,384.71,385.03,384.725
1,20200720  08:43:00,384.895,384.335,384.725,384.835
1,20200720  08:44:00,385.47,384.81,384.835,385.325
1,20200720  08:45:00,385.815,385.015,385.325,385.785
1,20200720  08:46:00,386.045,385.55,385.785,385.985
1,20200720  08:47:00,385.985,385.455,385.985,385.79
1,20200720  08:48:00,385.86,385.58,385.79,385.835
1,20200720  08:49:00,385.925,385.505,385.835,385.545
1,20200720  08:50:00,385.67,384.955,385.545,385.32
1,20200720  08:51:00,385.565,384.92,385.32,385.165
1,20200720  08:52:00,385.18,384.905,385.165,385.025
1,20200720  08:53:00,385.24,384.835,385.025,385.23
1,20200720  08:54:00,385.5,384.98,385.23,385.06
1,20200720  08:55:00,385.21,384.77,385.06,384.965
1,20200720  08:56:00,385.375,384.835,384.965,385.13
1,20200720  08:57:00,385.155,384.73,385.13,384.975
1,20200720  08:58:00,385.46,384.925,384.975,385.455
1,20200720  08:59:00,385.525,385.255,385.455,385.46
1,20200720  09:00:00,385.525,384.95,385.46,385.36
1,20200720  09:01:00,385.51,384.815,385.36,385.195
1,20200720  09:02:00,385.51,385.19,385.195,385.45
1,20200720  09:03:00,385.5,385.295,385.45,385.49
1,20200720  09:04:00,385.595,385.42,385.49,385.525
1,20200720  09:05:00,386.365,385.39,385.525,386.345
1,20200720  09:06:00,386.79,386.135,386.345,386.44
1,20200720  09:07:00,386.58,386.36,386.44,386.555
A1,20200720  09:07:00,386.58,386.32,386.44,386.39
