111,20072020  08:58:53,110,1621466279,0,Submitted,0.0,10.0,0.0,0.0
124,20072020  08:58:54,122,1621466289,0,PreSubmitted,0.0,1.0,0.0,0.0
122,20072020  08:58:54,0,1621466288,0,Submitted,0.0,1.0,0.0,0.0
124,20072020  08:58:54,122,1621466289,0,PreSubmitted,0.0,1.0,0.0,0.0
124,20072020  08:58:54,122,1621466289,0,PreSubmitted,0.0,1.0,0.0,0.0
124,20072020  08:58:54,122,1621466289,0,PreSubmitted,0.0,1.0,0.0,0.0
122,20072020  08:58:54,0,1621466288,0,Filled,1.0,0.0,5.1,5.1
122,20072020  08:58:54,0,1621466288,0,Filled,1.0,0.0,5.1,5.1
124,20072020  08:58:55,122,1621466289,0,PreSubmitted,0.0,1.0,0.0,0.0
124,20072020  08:58:59,122,1621466289,0,PreSubmitted,0.0,1.0,0.0,0.0
124,20072020  08:58:59,122,1621466289,0,Submitted,0.0,1.0,0.0,0.0
124,20072020  08:59:00,122,1621466289,0,Filled,1.0,0.0,5.05,5.05
124,20072020  08:59:00,122,1621466289,0,Filled,1.0,0.0,5.05,5.05
