1,20200723  09:37:28,385.525,385.475,385.525,385.5
1,20200723  09:37:29,385.525,385.5,385.5,385.505
1,20200723  09:37:30,385.51,385.475,385.505,385.51
1,20200723  09:37:31,385.51,385.5,385.51,385.5
1,20200723  09:37:32,385.53,385.5,385.5,385.53
1,20200723  09:37:33,385.555,385.5,385.53,385.53
1,20200723  09:37:34,385.535,385.53,385.53,385.535
1,20200723  09:37:35,385.535,385.535,385.535,385.535
1,20200723  09:37:36,385.535,385.5,385.535,385.51
1,20200723  09:37:37,385.515,385.51,385.51,385.515
1,20200723  09:37:38,385.52,385.515,385.515,385.52
1,20200723  09:37:39,385.52,385.52,385.52,385.52
1,20200723  09:37:40,385.52,385.515,385.52,385.52
1,20200723  09:37:41,385.525,385.505,385.52,385.515
1,20200723  09:37:42,385.515,385.51,385.515,385.51
1,20200723  09:37:43,385.51,385.495,385.51,385.495
1,20200723  09:37:44,385.535,385.495,385.495,385.52
1,20200723  09:37:45,385.52,385.52,385.52,385.52
1,20200723  09:37:46,385.58,385.52,385.52,385.56
1,20200723  09:37:47,385.57,385.555,385.56,385.565
1,20200723  09:37:48,385.565,385.555,385.565,385.565
1,20200723  09:37:49,385.615,385.565,385.565,385.605
1,20200723  09:37:50,385.64,385.605,385.605,385.635
1,20200723  09:37:51,385.675,385.635,385.635,385.67
1,20200723  09:37:52,385.74,385.67,385.67,385.71
1,20200723  09:37:53,385.72,385.705,385.71,385.705
1,20200723  09:37:54,385.705,385.685,385.705,385.685
1,20200723  09:37:55,385.685,385.685,385.685,385.685
1,20200723  09:37:56,385.685,385.685,385.685,385.685
1,20200723  09:37:57,385.685,385.56,385.685,385.595
1,20200723  09:37:58,385.61,385.595,385.595,385.6
1,20200723  09:37:59,385.6,385.6,385.6,385.6
1,20200723  09:38:00,385.615,385.6,385.6,385.61
1,20200723  09:38:01,385.61,385.585,385.61,385.585
1,20200723  09:38:02,385.59,385.55,385.585,385.57
1,20200723  09:38:03,385.58,385.565,385.57,385.575
1,20200723  09:38:04,385.61,385.565,385.575,385.61
1,20200723  09:38:05,385.61,385.61,385.61,385.61
1,20200723  09:38:06,385.61,385.61,385.61,385.61
1,20200723  09:38:07,385.655,385.61,385.61,385.635
1,20200723  09:38:08,385.635,385.57,385.635,385.575
1,20200723  09:38:09,385.575,385.565,385.575,385.575
1,20200723  09:38:10,385.585,385.575,385.575,385.585
1,20200723  09:38:11,385.585,385.575,385.585,385.575
1,20200723  09:38:12,385.575,385.575,385.575,385.575
1,20200723  09:38:13,385.575,385.54,385.575,385.545
1,20200723  09:38:14,385.545,385.46,385.545,385.46
1,20200723  09:38:15,385.46,385.37,385.46,385.37
1,20200723  09:38:16,385.42,385.37,385.37,385.42
1,20200723  09:38:17,385.445,385.42,385.42,385.445
1,20200723  09:38:18,385.445,385.445,385.445,385.445
1,20200723  09:38:19,385.445,385.435,385.445,385.435
1,20200723  09:38:20,385.435,385.38,385.435,385.38
1,20200723  09:38:21,385.38,385.375,385.38,385.375
1,20200723  09:38:22,385.38,385.37,385.375,385.37
1,20200723  09:38:23,385.37,385.365,385.37,385.365
1,20200723  09:38:24,385.365,385.315,385.365,385.315
1,20200723  09:38:25,385.315,385.295,385.315,385.3
1,20200723  09:38:26,385.345,385.3,385.3,385.345
1,20200723  09:38:27,385.345,385.345,385.345,385.345
A1,20200723  09:38:25,385.345,385.295,385.315,385.325
A1,20200723  09:38:30,385.34,385.31,385.325,385.33
A1,20200723  09:38:35,385.395,385.325,385.33,385.33
A1,20200723  09:38:40,385.34,385.32,385.33,385.32
A1,20200723  09:38:45,385.34,385.275,385.32,385.34
A1,20200723  09:38:50,385.385,385.34,385.34,385.375
A1,20200723  09:38:55,385.375,385.21,385.375,385.235
A1,20200723  09:39:00,385.235,385.145,385.235,385.17
A1,20200723  09:39:05,385.19,385.12,385.17,385.125
A1,20200723  09:39:10,385.15,385.005,385.125,385.025
A1,20200723  09:39:15,385.165,385.02,385.025,385.125
A1,20200723  09:39:20,385.13,385.07,385.13,385.07
A1,20200723  09:39:25,385.075,384.945,385.07,384.945
A1,20200723  09:39:30,384.98,384.86,384.945,384.86
A1,20200723  09:39:35,384.89,384.835,384.86,384.85
A1,20200723  09:39:40,384.85,384.78,384.85,384.815
