92,27042020  13:14:18,0,704061458,0,PreSubmitted,0.0,10.0,0.0,0.0
93,27042020  13:14:18,92,704061459,0,PreSubmitted,0.0,10.0,0.0,0.0
93,27042020  13:14:18,92,704061459,0,PreSubmitted,0.0,10.0,0.0,0.0
93,27042020  13:14:18,92,704061459,0,PreSubmitted,0.0,10.0,0.0,0.0
92,27042020  13:14:18,0,704061458,0,Submitted,0.0,10.0,0.0,0.0
94,27042020  13:14:18,92,704061460,0,PreSubmitted,0.0,10.0,0.0,0.0
94,27042020  13:14:18,92,704061460,0,PreSubmitted,0.0,10.0,0.0,0.0
93,27042020  13:14:20,92,704061459,0,PendingSubmit,0.0,10.0,0.0,0.0
94,27042020  13:14:20,92,704061460,0,PendingSubmit,0.0,10.0,0.0,0.0
93,27042020  13:14:20,92,704061459,0,PendingSubmit,0.0,10.0,0.0,0.0
94,27042020  13:14:20,92,704061460,0,PendingSubmit,0.0,10.0,0.0,0.0
93,27042020  13:14:21,92,704061459,0,PendingSubmit,0.0,10.0,0.0,0.0
94,27042020  13:14:21,92,704061460,0,PendingSubmit,0.0,10.0,0.0,0.0
93,27042020  13:14:21,92,704061459,0,PreSubmitted,0.0,10.0,0.0,0.0
94,27042020  13:14:21,92,704061460,0,PreSubmitted,0.0,10.0,0.0,0.0
93,27042020  13:14:21,92,704061459,0,PreSubmitted,0.0,10.0,0.0,0.0
94,27042020  13:14:22,92,704061460,0,PreSubmitted,0.0,10.0,0.0,0.0
93,27042020  13:14:22,92,704061459,0,PreSubmitted,0.0,10.0,0.0,0.0
94,27042020  13:14:22,92,704061460,0,PreSubmitted,0.0,10.0,0.0,0.0
93,27042020  13:14:25,92,704061459,0,PreSubmitted,0.0,10.0,0.0,0.0
94,27042020  13:14:25,92,704061460,0,PendingSubmit,0.0,10.0,0.0,0.0
93,27042020  13:14:25,92,704061459,0,PendingSubmit,0.0,10.0,0.0,0.0
94,27042020  13:14:25,92,704061460,0,PendingSubmit,0.0,10.0,0.0,0.0
93,27042020  13:14:25,92,704061459,0,PreSubmitted,0.0,10.0,0.0,0.0
94,27042020  13:14:25,92,704061460,0,PreSubmitted,0.0,10.0,0.0,0.0
93,27042020  13:14:28,92,704061459,0,PreSubmitted,0.0,10.0,0.0,0.0
94,27042020  13:14:28,92,704061460,0,PreSubmitted,0.0,10.0,0.0,0.0
93,27042020  13:14:28,92,704061459,0,PreSubmitted,0.0,10.0,0.0,0.0
94,27042020  13:14:28,92,704061460,0,PreSubmitted,0.0,10.0,0.0,0.0
93,27042020  13:14:29,92,704061459,0,PreSubmitted,0.0,10.0,0.0,0.0
94,27042020  13:14:29,92,704061460,0,PreSubmitted,0.0,10.0,0.0,0.0
93,27042020  13:14:30,92,704061459,0,PendingSubmit,0.0,10.0,0.0,0.0
94,27042020  13:14:30,92,704061460,0,PendingSubmit,0.0,10.0,0.0,0.0
93,27042020  13:14:31,92,704061459,0,PreSubmitted,0.0,10.0,0.0,0.0
94,27042020  13:14:31,92,704061460,0,PreSubmitted,0.0,10.0,0.0,0.0
93,27042020  13:14:35,92,704061459,0,PreSubmitted,0.0,10.0,0.0,0.0
94,27042020  13:14:35,92,704061460,0,PendingSubmit,0.0,10.0,0.0,0.0
93,27042020  13:14:35,92,704061459,0,PreSubmitted,0.0,10.0,0.0,0.0
94,27042020  13:14:36,92,704061460,0,PreSubmitted,0.0,10.0,0.0,0.0
93,27042020  13:14:40,92,704061459,0,PreSubmitted,0.0,10.0,0.0,0.0
94,27042020  13:14:40,92,704061460,0,PendingSubmit,0.0,10.0,0.0,0.0
93,27042020  13:14:40,92,704061459,0,PreSubmitted,0.0,10.0,0.0,0.0
94,27042020  13:14:40,92,704061460,0,PreSubmitted,0.0,10.0,0.0,0.0
93,27042020  13:14:41,92,704061459,0,PreSubmitted,0.0,10.0,0.0,0.0
93,27042020  13:14:41,92,704061459,0,PreSubmitted,0.0,10.0,0.0,0.0
94,27042020  13:14:41,92,704061460,0,PendingSubmit,0.0,10.0,0.0,0.0
94,27042020  13:14:41,92,704061460,0,PendingSubmit,0.0,10.0,0.0,0.0
94,27042020  13:14:41,92,704061460,0,PendingSubmit,0.0,10.0,0.0,0.0
92,27042020  13:14:41,0,704061458,0,Filled,10.0,0.0,1.0829,1.0829
92,27042020  13:14:41,0,704061458,0,Filled,10.0,0.0,1.0829,1.0829
94,27042020  13:14:41,92,704061460,0,PreSubmitted,0.0,10.0,0.0,0.0
93,27042020  13:14:41,92,704061459,0,PreSubmitted,0.0,10.0,0.0,0.0
93,27042020  13:14:41,92,704061459,0,Submitted,0.0,10.0,0.0,0.0
93,27042020  13:14:42,92,704061459,0,Submitted,0.0,10.0,0.0,0.0
94,27042020  13:14:42,92,704061460,0,PreSubmitted,0.0,10.0,0.0,0.0
94,27042020  13:14:42,92,704061460,0,PreSubmitted,0.0,10.0,0.0,0.0
94,27042020  13:14:42,92,704061460,0,Submitted,0.0,10.0,0.0,0.0
93,27042020  13:14:44,92,704061459,0,Submitted,0.0,10.0,0.0,0.0
94,27042020  13:14:44,92,704061460,0,Submitted,0.0,10.0,0.0,0.0
93,27042020  13:14:44,92,704061459,0,Submitted,0.0,10.0,0.0,0.0
94,27042020  13:14:45,92,704061460,0,Submitted,0.0,10.0,0.0,0.0
93,27042020  13:14:45,92,704061459,0,PendingSubmit,0.0,10.0,0.0,0.0
93,27042020  13:14:45,92,704061459,0,Submitted,0.0,10.0,0.0,0.0
94,27042020  13:14:46,92,704061460,0,PendingSubmit,0.0,10.0,0.0,0.0
94,27042020  13:14:46,92,704061460,0,Submitted,0.0,10.0,0.0,0.0
93,27042020  13:14:47,92,704061459,0,Submitted,0.0,10.0,0.0,0.0
94,27042020  13:14:47,92,704061460,0,Submitted,0.0,10.0,0.0,0.0
93,27042020  13:14:48,92,704061459,0,Submitted,0.0,10.0,0.0,0.0
94,27042020  13:14:48,92,704061460,0,Submitted,0.0,10.0,0.0,0.0
93,27042020  13:14:49,92,704061459,0,Submitted,0.0,10.0,0.0,0.0
94,27042020  13:14:49,92,704061460,0,Submitted,0.0,10.0,0.0,0.0
93,27042020  13:14:50,92,704061459,0,Submitted,0.0,10.0,0.0,0.0
94,27042020  13:14:50,92,704061460,0,Submitted,0.0,10.0,0.0,0.0
93,27042020  13:14:51,92,704061459,0,Submitted,0.0,10.0,0.0,0.0
94,27042020  13:14:51,92,704061460,0,Submitted,0.0,10.0,0.0,0.0
93,27042020  13:14:53,92,704061459,0,PendingCancel,0.0,0.0,0.0,0.0
93,27042020  13:14:53,92,704061459,0,PendingCancel,0.0,0.0,0.0,0.0
94,27042020  13:14:53,92,704061460,0,Filled,10.0,0.0,1.08282,1.08282
94,27042020  13:14:53,92,704061460,0,Filled,10.0,0.0,1.08282,1.08282
93,27042020  13:14:53,92,704061459,0,Cancelled,0.0,0.0,0.0,0.0
