1,20200723  09:35:32,385.55,385.49,385.49,385.55
1,20200723  09:35:33,385.565,385.55,385.55,385.56
1,20200723  09:35:34,385.56,385.545,385.56,385.555
1,20200723  09:35:35,385.56,385.555,385.555,385.555
1,20200723  09:35:36,385.56,385.555,385.555,385.555
1,20200723  09:35:37,385.555,385.545,385.555,385.55
1,20200723  09:35:38,385.555,385.545,385.55,385.55
1,20200723  09:35:39,385.55,385.525,385.55,385.53
1,20200723  09:35:40,385.535,385.53,385.53,385.535
1,20200723  09:35:41,385.535,385.535,385.535,385.535
1,20200723  09:35:42,385.535,385.535,385.535,385.535
1,20200723  09:35:43,385.56,385.535,385.535,385.545
1,20200723  09:35:44,385.545,385.545,385.545,385.545
1,20200723  09:35:45,385.545,385.54,385.545,385.54
1,20200723  09:35:46,385.545,385.535,385.54,385.54
1,20200723  09:35:47,385.54,385.535,385.54,385.535
1,20200723  09:35:48,385.555,385.535,385.535,385.545
1,20200723  09:35:49,385.55,385.53,385.545,385.54
1,20200723  09:35:50,385.55,385.54,385.54,385.54
1,20200723  09:35:51,385.545,385.535,385.54,385.54
1,20200723  09:35:52,385.555,385.54,385.54,385.555
1,20200723  09:35:53,385.61,385.555,385.555,385.61
1,20200723  09:35:54,385.625,385.61,385.61,385.625
1,20200723  09:35:55,385.63,385.625,385.625,385.625
1,20200723  09:35:56,385.635,385.625,385.625,385.635
1,20200723  09:35:57,385.665,385.635,385.635,385.665
1,20200723  09:35:58,385.665,385.66,385.665,385.665
1,20200723  09:35:59,385.665,385.66,385.665,385.66
1,20200723  09:36:00,385.66,385.66,385.66,385.66
1,20200723  09:36:01,385.66,385.645,385.66,385.65
1,20200723  09:36:02,385.655,385.645,385.65,385.655
1,20200723  09:36:03,385.655,385.64,385.655,385.645
1,20200723  09:36:04,385.655,385.62,385.645,385.65
1,20200723  09:36:05,385.665,385.65,385.65,385.66
1,20200723  09:36:06,385.66,385.65,385.66,385.655
1,20200723  09:36:07,385.655,385.655,385.655,385.655
1,20200723  09:36:08,385.67,385.655,385.655,385.66
1,20200723  09:36:09,385.67,385.66,385.66,385.665
1,20200723  09:36:10,385.67,385.66,385.665,385.66
1,20200723  09:36:11,385.665,385.66,385.66,385.66
1,20200723  09:36:12,385.67,385.66,385.66,385.66
1,20200723  09:36:13,385.675,385.66,385.66,385.66
1,20200723  09:36:14,385.66,385.66,385.66,385.66
1,20200723  09:36:15,385.68,385.66,385.66,385.665
1,20200723  09:36:16,385.665,385.665,385.665,385.665
1,20200723  09:36:17,385.705,385.665,385.665,385.705
1,20200723  09:36:18,385.765,385.705,385.705,385.75
1,20200723  09:36:19,385.755,385.715,385.75,385.73
1,20200723  09:36:20,385.77,385.73,385.73,385.76
1,20200723  09:36:21,385.765,385.755,385.76,385.755
1,20200723  09:36:22,385.755,385.725,385.755,385.735
1,20200723  09:36:23,385.75,385.68,385.735,385.68
1,20200723  09:36:24,385.69,385.66,385.68,385.67
1,20200723  09:36:25,385.67,385.66,385.67,385.67
1,20200723  09:36:26,385.67,385.67,385.67,385.67
1,20200723  09:36:27,385.67,385.67,385.67,385.67
1,20200723  09:36:28,385.67,385.645,385.67,385.645
1,20200723  09:36:29,385.67,385.645,385.645,385.665
1,20200723  09:36:30,385.665,385.615,385.665,385.62
1,20200723  09:36:31,385.62,385.62,385.62,385.62
A1,20200723  09:36:30,385.665,385.44,385.665,385.455
A1,20200723  09:36:35,385.535,385.455,385.455,385.52
A1,20200723  09:36:40,385.545,385.515,385.52,385.545
A1,20200723  09:36:45,385.545,385.51,385.545,385.54
A1,20200723  09:36:50,385.68,385.54,385.54,385.64
A1,20200723  09:36:55,385.675,385.635,385.64,385.67
A1,20200723  09:37:00,385.76,385.665,385.67,385.73
