1,20200724  03:00:00,379.435,365.45,379.435,366.15
1,20200724  03:05:00,366.17,364.365,366.15,364.775
1,20200724  03:10:00,365.805,364.555,364.775,365.805
1,20200724  03:15:00,365.95,365.755,365.805,365.9
1,20200724  03:20:00,365.9,365.35,365.9,365.85
1,20200724  03:25:00,365.85,365.36,365.85,365.505
1,20200724  03:30:00,365.9,365.43,365.505,365.9
1,20200724  03:35:00,366.155,365.75,365.9,366.155
1,20200724  03:40:00,366.155,366.1,366.155,366.1
1,20200724  03:45:00,366.1,365.7,366.1,365.7
1,20200724  03:50:00,365.925,365.7,365.7,365.775
1,20200724  03:55:00,365.875,365.695,365.775,365.695
1,20200724  04:00:00,365.945,365.65,365.695,365.65
1,20200724  04:05:00,365.675,365.525,365.65,365.6
1,20200724  04:10:00,365.895,365.6,365.6,365.735
1,20200724  04:15:00,365.745,365.43,365.735,365.43
1,20200724  04:20:00,365.45,365.24,365.43,365.26
1,20200724  04:25:00,365.47,365.26,365.26,365.47
1,20200724  04:30:00,366.045,365.41,365.47,366.045
1,20200724  04:35:00,366.045,365.51,366.045,365.51
1,20200724  04:40:00,366.135,365.51,365.51,365.97
1,20200724  04:45:00,366.17,365.605,365.97,365.605
1,20200724  04:50:00,366.075,365.425,365.605,365.96
1,20200724  04:55:00,366.125,365.96,365.96,366.125
1,20200724  05:00:00,366.375,365.86,366.125,366.375
1,20200724  05:05:00,367.115,366.125,366.375,366.92
1,20200724  05:10:00,367.45,366.92,366.92,367.215
1,20200724  05:15:00,367.52,367.035,367.215,367.345
1,20200724  05:20:00,367.74,367.27,367.345,367.545
1,20200724  05:25:00,367.9,367.445,367.545,367.9
1,20200724  05:30:00,367.9,366.51,367.9,366.51
1,20200724  05:35:00,366.51,366.03,366.51,366.35
1,20200724  05:40:00,366.35,366.155,366.35,366.305
1,20200724  05:45:00,366.305,366.22,366.305,366.22
1,20200724  05:50:00,367.0,366.215,366.22,366.705
1,20200724  05:55:00,367.055,366.705,366.705,366.93
1,20200724  06:00:00,368.185,366.765,366.93,368.185
1,20200724  06:05:00,368.19,367.07,368.185,367.65
1,20200724  06:10:00,367.785,366.8,367.65,366.82
1,20200724  06:15:00,367.07,366.4,366.82,366.65
1,20200724  06:20:00,366.65,365.58,366.65,365.79
1,20200724  06:25:00,365.905,364.67,365.79,364.89
1,20200724  06:30:00,365.09,364.605,364.89,364.7
1,20200724  06:35:00,364.9,364.41,364.7,364.63
1,20200724  06:40:00,364.77,364.12,364.63,364.28
1,20200724  06:45:00,364.475,363.15,364.28,363.74
1,20200724  06:50:00,364.225,363.245,363.74,364.1
1,20200724  06:55:00,365.135,364.045,364.1,364.75
1,20200724  07:00:00,364.94,364.245,364.75,364.88
1,20200724  07:05:00,366.625,364.88,364.88,366.23
1,20200724  07:10:00,366.725,365.645,366.23,366.65
1,20200724  07:15:00,366.65,365.725,366.65,365.83
1,20200724  07:20:00,366.125,365.505,365.83,365.73
1,20200724  07:25:00,366.12,365.66,365.73,366.11
1,20200724  07:30:00,366.15,365.785,366.11,365.88
1,20200724  07:35:00,365.975,365.4,365.88,365.575
1,20200724  07:40:00,366.315,365.15,365.575,366.28
1,20200724  07:45:00,366.475,365.715,366.28,366.375
1,20200724  07:50:00,366.375,365.97,366.375,365.97
1,20200724  07:55:00,366.245,365.465,365.97,365.74
1,20200724  08:00:00,365.9,365.55,365.74,365.625
1,20200724  08:05:00,365.665,364.575,365.625,364.64
1,20200724  08:10:00,365.075,364.265,364.64,365.035
1,20200724  08:15:00,365.46,364.805,365.035,365.075
1,20200724  08:20:00,365.23,364.27,365.075,364.34
1,20200724  08:25:00,364.545,363.405,364.34,363.855
1,20200724  08:30:00,365.07,361.01,363.855,363.96
1,20200724  08:35:00,363.965,360.235,363.96,360.52
1,20200724  08:40:00,361.385,356.655,360.52,360.53
1,20200724  08:45:00,360.88,358.885,360.53,359.205
1,20200724  08:50:00,361.385,358.9,359.205,360.855
1,20200724  08:55:00,362.475,360.46,360.855,362.25
1,20200724  09:00:00,363.51,362.175,362.25,363.09
1,20200724  09:05:00,364.765,362.63,363.09,364.495
1,20200724  09:10:00,364.55,363.215,364.495,363.31
