51,27042020  12:05:03,0,1545012222,0,PreSubmitted,0.0,10.0,0.0,0.0
52,27042020  12:05:03,51,1545012223,0,PreSubmitted,0.0,10.0,0.0,0.0
52,27042020  12:05:03,51,1545012223,0,PreSubmitted,0.0,10.0,0.0,0.0
52,27042020  12:05:03,51,1545012223,0,PreSubmitted,0.0,10.0,0.0,0.0
51,27042020  12:05:03,0,1545012222,0,Submitted,0.0,10.0,0.0,0.0
53,27042020  12:05:03,51,1545012224,0,PreSubmitted,0.0,10.0,0.0,0.0
53,27042020  12:05:03,51,1545012224,0,PreSubmitted,0.0,10.0,0.0,0.0
52,27042020  12:05:33,51,1545012223,0,PreSubmitted,0.0,10.0,0.0,0.0
53,27042020  12:05:41,51,1545012224,0,PreSubmitted,0.0,10.0,0.0,0.0
52,27042020  12:05:41,51,1545012223,0,PreSubmitted,0.0,10.0,0.0,0.0
53,27042020  12:05:41,51,1545012224,0,PreSubmitted,0.0,10.0,0.0,0.0
51,27042020  12:05:42,0,1545012222,0,Filled,10.0,0.0,1.0826,1.0826
51,27042020  12:05:42,0,1545012222,0,Filled,10.0,0.0,1.0826,1.0826
52,27042020  12:05:42,51,1545012223,0,PreSubmitted,0.0,10.0,0.0,0.0
53,27042020  12:05:42,51,1545012224,0,PreSubmitted,0.0,10.0,0.0,0.0
52,27042020  12:05:42,51,1545012223,0,Submitted,0.0,10.0,0.0,0.0
53,27042020  12:05:42,51,1545012224,0,Submitted,0.0,10.0,0.0,0.0
53,27042020  12:05:44,51,1545012224,0,PendingCancel,0.0,0.0,0.0,0.0
53,27042020  12:05:44,51,1545012224,0,PendingCancel,0.0,0.0,0.0,0.0
52,27042020  12:05:44,51,1545012223,0,Filled,10.0,0.0,1.08236,1.08236
53,27042020  12:05:44,51,1545012224,0,Filled,10.0,0.0,1.08236,1.08236
52,27042020  12:05:44,51,1545012223,0,Filled,10.0,0.0,1.08236,1.08236
53,27042020  12:05:44,51,1545012224,0,Filled,10.0,0.0,1.08236,1.08236
53,27042020  12:05:44,51,1545012224,0,Filled,10.0,0.0,1.08236,1.08236
