1010101444,22042020  13:35:25,0,1397787000,0,PreSubmitted,0.0,100.0,0.0,0.0
1010101445,22042020  13:35:25,1010101444,1397787001,0,PreSubmitted,0.0,100.0,0.0,0.0
1010101445,22042020  13:35:26,1010101444,1397787001,0,PreSubmitted,0.0,100.0,0.0,0.0
1010101445,22042020  13:35:26,1010101444,1397787001,0,PreSubmitted,0.0,100.0,0.0,0.0
1010101444,22042020  13:35:26,0,1397787000,0,Submitted,0.0,100.0,0.0,0.0
1010101446,22042020  13:35:26,1010101444,1397787002,0,PendingSubmit,0.0,100.0,0.0,0.0
1010101446,22042020  13:35:26,1010101444,1397787002,0,PreSubmitted,0.0,100.0,0.0,0.0
1010101445,22042020  13:35:26,1010101444,1397787001,0,PreSubmitted,0.0,100.0,0.0,0.0
1010101446,22042020  13:35:26,1010101444,1397787002,0,PreSubmitted,0.0,100.0,0.0,0.0
1010101445,22042020  13:35:29,1010101444,1397787001,0,PreSubmitted,0.0,100.0,0.0,0.0
1010101446,22042020  13:35:30,1010101444,1397787002,0,PreSubmitted,0.0,100.0,0.0,0.0
1010101445,22042020  13:35:30,1010101444,1397787001,0,PreSubmitted,0.0,100.0,0.0,0.0
1010101446,22042020  13:35:30,1010101444,1397787002,0,PreSubmitted,0.0,100.0,0.0,0.0
1010101445,22042020  13:35:33,1010101444,1397787001,0,PendingSubmit,0.0,100.0,0.0,0.0
1010101446,22042020  13:35:33,1010101444,1397787002,0,PendingSubmit,0.0,100.0,0.0,0.0
1010101445,22042020  13:35:33,1010101444,1397787001,0,PreSubmitted,0.0,100.0,0.0,0.0
1010101446,22042020  13:35:33,1010101444,1397787002,0,PreSubmitted,0.0,100.0,0.0,0.0
1010101445,22042020  13:35:34,1010101444,1397787001,0,PreSubmitted,0.0,100.0,0.0,0.0
1010101446,22042020  13:35:34,1010101444,1397787002,0,PreSubmitted,0.0,100.0,0.0,0.0
1010101445,22042020  13:35:35,1010101444,1397787001,0,PreSubmitted,0.0,100.0,0.0,0.0
1010101446,22042020  13:35:35,1010101444,1397787002,0,PreSubmitted,0.0,100.0,0.0,0.0
1010101445,22042020  13:35:37,1010101444,1397787001,0,PreSubmitted,0.0,100.0,0.0,0.0
1010101446,22042020  13:35:37,1010101444,1397787002,0,PreSubmitted,0.0,100.0,0.0,0.0
1010101445,22042020  13:35:37,1010101444,1397787001,0,PendingSubmit,0.0,100.0,0.0,0.0
1010101446,22042020  13:35:37,1010101444,1397787002,0,PendingSubmit,0.0,100.0,0.0,0.0
1010101445,22042020  13:35:37,1010101444,1397787001,0,PreSubmitted,0.0,100.0,0.0,0.0
1010101446,22042020  13:35:37,1010101444,1397787002,0,PreSubmitted,0.0,100.0,0.0,0.0
1010101445,22042020  13:35:39,1010101444,1397787001,0,PreSubmitted,0.0,100.0,0.0,0.0
1010101446,22042020  13:35:39,1010101444,1397787002,0,PreSubmitted,0.0,100.0,0.0,0.0
1010101445,22042020  13:35:39,1010101444,1397787001,0,PreSubmitted,0.0,100.0,0.0,0.0
1010101446,22042020  13:35:40,1010101444,1397787002,0,PreSubmitted,0.0,100.0,0.0,0.0
1010101445,22042020  13:35:40,1010101444,1397787001,0,PreSubmitted,0.0,100.0,0.0,0.0
1010101446,22042020  13:35:40,1010101444,1397787002,0,PreSubmitted,0.0,100.0,0.0,0.0
1010101445,22042020  13:35:41,1010101444,1397787001,0,PreSubmitted,0.0,100.0,0.0,0.0
1010101446,22042020  13:35:41,1010101444,1397787002,0,PendingSubmit,0.0,100.0,0.0,0.0
1010101445,22042020  13:35:41,1010101444,1397787001,0,PreSubmitted,0.0,100.0,0.0,0.0
1010101446,22042020  13:35:41,1010101444,1397787002,0,PreSubmitted,0.0,100.0,0.0,0.0
1010101445,22042020  13:35:45,1010101444,1397787001,0,PreSubmitted,0.0,100.0,0.0,0.0
1010101446,22042020  13:35:45,1010101444,1397787002,0,PendingSubmit,0.0,100.0,0.0,0.0
1010101445,22042020  13:35:45,1010101444,1397787001,0,PreSubmitted,0.0,100.0,0.0,0.0
1010101446,22042020  13:35:45,1010101444,1397787002,0,PreSubmitted,0.0,100.0,0.0,0.0
1010101445,22042020  13:35:45,1010101444,1397787001,0,PreSubmitted,0.0,100.0,0.0,0.0
1010101446,22042020  13:35:45,1010101444,1397787002,0,PreSubmitted,0.0,100.0,0.0,0.0
1010101445,22042020  13:35:48,1010101444,1397787001,0,PreSubmitted,0.0,100.0,0.0,0.0
1010101446,22042020  13:35:48,1010101444,1397787002,0,PreSubmitted,0.0,100.0,0.0,0.0
1010101445,22042020  13:35:49,1010101444,1397787001,0,PreSubmitted,0.0,100.0,0.0,0.0
1010101446,22042020  13:35:49,1010101444,1397787002,0,PendingSubmit,0.0,100.0,0.0,0.0
1010101445,22042020  13:35:49,1010101444,1397787001,0,PreSubmitted,0.0,100.0,0.0,0.0
1010101446,22042020  13:35:49,1010101444,1397787002,0,PreSubmitted,0.0,100.0,0.0,0.0
1010101445,22042020  13:35:54,1010101444,1397787001,0,PreSubmitted,0.0,100.0,0.0,0.0
1010101446,22042020  13:35:55,1010101444,1397787002,0,PreSubmitted,0.0,100.0,0.0,0.0
1010101445,22042020  13:35:55,1010101444,1397787001,0,PreSubmitted,0.0,100.0,0.0,0.0
1010101446,22042020  13:35:55,1010101444,1397787002,0,PreSubmitted,0.0,100.0,0.0,0.0
1010101445,22042020  13:35:56,1010101444,1397787001,0,PendingSubmit,0.0,100.0,0.0,0.0
1010101446,22042020  13:35:56,1010101444,1397787002,0,PendingSubmit,0.0,100.0,0.0,0.0
1010101445,22042020  13:35:56,1010101444,1397787001,0,PendingSubmit,0.0,100.0,0.0,0.0
1010101446,22042020  13:35:56,1010101444,1397787002,0,PendingSubmit,0.0,100.0,0.0,0.0
1010101445,22042020  13:35:56,1010101444,1397787001,0,PreSubmitted,0.0,100.0,0.0,0.0
1010101446,22042020  13:35:56,1010101444,1397787002,0,PreSubmitted,0.0,100.0,0.0,0.0
1010101445,22042020  13:35:58,1010101444,1397787001,0,PreSubmitted,0.0,100.0,0.0,0.0
1010101446,22042020  13:35:58,1010101444,1397787002,0,PreSubmitted,0.0,100.0,0.0,0.0
1010101445,22042020  13:36:00,1010101444,1397787001,0,PreSubmitted,0.0,100.0,0.0,0.0
1010101446,22042020  13:36:00,1010101444,1397787002,0,PreSubmitted,0.0,100.0,0.0,0.0
1010101445,22042020  13:36:02,1010101444,1397787001,0,PreSubmitted,0.0,100.0,0.0,0.0
1010101446,22042020  13:36:02,1010101444,1397787002,0,PendingSubmit,0.0,100.0,0.0,0.0
1010101445,22042020  13:36:02,1010101444,1397787001,0,PreSubmitted,0.0,100.0,0.0,0.0
1010101446,22042020  13:36:02,1010101444,1397787002,0,PreSubmitted,0.0,100.0,0.0,0.0
1010101445,22042020  13:36:02,1010101444,1397787001,0,PreSubmitted,0.0,100.0,0.0,0.0
1010101446,22042020  13:36:02,1010101444,1397787002,0,PreSubmitted,0.0,100.0,0.0,0.0
1010101445,22042020  13:36:03,1010101444,1397787001,0,PreSubmitted,0.0,100.0,0.0,0.0
1010101446,22042020  13:36:03,1010101444,1397787002,0,PreSubmitted,0.0,100.0,0.0,0.0
1010101445,22042020  13:36:04,1010101444,1397787001,0,PreSubmitted,0.0,100.0,0.0,0.0
1010101446,22042020  13:36:05,1010101444,1397787002,0,PreSubmitted,0.0,100.0,0.0,0.0
1010101445,22042020  13:36:10,1010101444,1397787001,0,PreSubmitted,0.0,100.0,0.0,0.0
1010101446,22042020  13:36:10,1010101444,1397787002,0,PreSubmitted,0.0,100.0,0.0,0.0
1010101445,22042020  13:36:15,1010101444,1397787001,0,PreSubmitted,0.0,100.0,0.0,0.0
1010101446,22042020  13:36:15,1010101444,1397787002,0,PreSubmitted,0.0,100.0,0.0,0.0
1010101445,22042020  13:36:17,1010101444,1397787001,0,PreSubmitted,0.0,100.0,0.0,0.0
1010101446,22042020  13:36:17,1010101444,1397787002,0,PreSubmitted,0.0,100.0,0.0,0.0
1010101445,22042020  13:36:20,1010101444,1397787001,0,PreSubmitted,0.0,100.0,0.0,0.0
1010101446,22042020  13:36:20,1010101444,1397787002,0,PreSubmitted,0.0,100.0,0.0,0.0
1010101445,22042020  13:36:23,1010101444,1397787001,0,PreSubmitted,0.0,100.0,0.0,0.0
1010101446,22042020  13:36:23,1010101444,1397787002,0,PreSubmitted,0.0,100.0,0.0,0.0
1010101445,22042020  13:36:26,1010101444,1397787001,0,PreSubmitted,0.0,100.0,0.0,0.0
1010101446,22042020  13:36:26,1010101444,1397787002,0,PreSubmitted,0.0,100.0,0.0,0.0
1010101445,22042020  13:36:29,1010101444,1397787001,0,PendingSubmit,0.0,100.0,0.0,0.0
1010101446,22042020  13:36:29,1010101444,1397787002,0,PendingSubmit,0.0,100.0,0.0,0.0
1010101445,22042020  13:36:30,1010101444,1397787001,0,PendingSubmit,0.0,100.0,0.0,0.0
1010101446,22042020  13:36:30,1010101444,1397787002,0,PendingSubmit,0.0,100.0,0.0,0.0
1010101445,22042020  13:36:30,1010101444,1397787001,0,PendingSubmit,0.0,100.0,0.0,0.0
1010101446,22042020  13:36:30,1010101444,1397787002,0,PendingSubmit,0.0,100.0,0.0,0.0
1010101445,22042020  13:36:30,1010101444,1397787001,0,PendingSubmit,0.0,100.0,0.0,0.0
1010101446,22042020  13:36:30,1010101444,1397787002,0,PendingSubmit,0.0,100.0,0.0,0.0
1010101445,22042020  13:36:30,1010101444,1397787001,0,PendingSubmit,0.0,100.0,0.0,0.0
1010101446,22042020  13:36:30,1010101444,1397787002,0,PendingSubmit,0.0,100.0,0.0,0.0
1010101445,22042020  13:36:30,1010101444,1397787001,0,PreSubmitted,0.0,100.0,0.0,0.0
1010101446,22042020  13:36:30,1010101444,1397787002,0,PreSubmitted,0.0,100.0,0.0,0.0
1010101445,22042020  13:36:30,1010101444,1397787001,0,PreSubmitted,0.0,100.0,0.0,0.0
1010101446,22042020  13:36:30,1010101444,1397787002,0,PreSubmitted,0.0,100.0,0.0,0.0
1010101445,22042020  13:36:35,1010101444,1397787001,0,PreSubmitted,0.0,100.0,0.0,0.0
1010101446,22042020  13:36:35,1010101444,1397787002,0,PreSubmitted,0.0,100.0,0.0,0.0
1010101445,22042020  13:36:36,1010101444,1397787001,0,PreSubmitted,0.0,100.0,0.0,0.0
1010101446,22042020  13:36:37,1010101444,1397787002,0,PreSubmitted,0.0,100.0,0.0,0.0
1010101445,22042020  13:36:39,1010101444,1397787001,0,PendingSubmit,0.0,100.0,0.0,0.0
1010101446,22042020  13:36:39,1010101444,1397787002,0,PendingSubmit,0.0,100.0,0.0,0.0
1010101445,22042020  13:36:40,1010101444,1397787001,0,PendingSubmit,0.0,100.0,0.0,0.0
1010101446,22042020  13:36:40,1010101444,1397787002,0,PendingSubmit,0.0,100.0,0.0,0.0
1010101445,22042020  13:36:40,1010101444,1397787001,0,PendingSubmit,0.0,100.0,0.0,0.0
1010101446,22042020  13:36:40,1010101444,1397787002,0,PendingSubmit,0.0,100.0,0.0,0.0
1010101445,22042020  13:36:40,1010101444,1397787001,0,PendingSubmit,0.0,100.0,0.0,0.0
1010101446,22042020  13:36:40,1010101444,1397787002,0,PendingSubmit,0.0,100.0,0.0,0.0
1010101445,22042020  13:36:40,1010101444,1397787001,0,PendingSubmit,0.0,100.0,0.0,0.0
1010101446,22042020  13:36:40,1010101444,1397787002,0,PendingSubmit,0.0,100.0,0.0,0.0
1010101445,22042020  13:36:40,1010101444,1397787001,0,PreSubmitted,0.0,100.0,0.0,0.0
1010101446,22042020  13:36:40,1010101444,1397787002,0,PreSubmitted,0.0,100.0,0.0,0.0
1010101445,22042020  13:36:41,1010101444,1397787001,0,PreSubmitted,0.0,100.0,0.0,0.0
1010101446,22042020  13:36:41,1010101444,1397787002,0,PreSubmitted,0.0,100.0,0.0,0.0
1010101446,22042020  13:36:41,1010101444,1397787002,0,PreSubmitted,0.0,100.0,0.0,0.0
1010101446,22042020  13:36:41,1010101444,1397787002,0,PreSubmitted,0.0,100.0,0.0,0.0
1010101444,22042020  13:36:41,0,1397787000,0,Filled,100.0,0.0,1.08168,1.08168
1010101444,22042020  13:36:41,0,1397787000,0,Filled,100.0,0.0,1.08168,1.08168
1010101445,22042020  13:36:41,1010101444,1397787001,0,PreSubmitted,0.0,100.0,0.0,0.0
1010101445,22042020  13:36:41,1010101444,1397787001,0,Submitted,0.0,100.0,0.0,0.0
1010101445,22042020  13:36:41,1010101444,1397787001,0,PendingSubmit,0.0,100.0,0.0,0.0
1010101446,22042020  13:36:42,1010101444,1397787002,0,PendingSubmit,0.0,100.0,0.0,0.0
1010101446,22042020  13:36:42,1010101444,1397787002,0,PendingSubmit,0.0,100.0,0.0,0.0
1010101446,22042020  13:36:42,1010101444,1397787002,0,PendingSubmit,0.0,100.0,0.0,0.0
1010101445,22042020  13:36:42,1010101444,1397787001,0,PendingSubmit,0.0,100.0,0.0,0.0
1010101445,22042020  13:36:42,1010101444,1397787001,0,PendingSubmit,0.0,100.0,0.0,0.0
1010101446,22042020  13:36:42,1010101444,1397787002,0,PendingSubmit,0.0,100.0,0.0,0.0
1010101445,22042020  13:36:42,1010101444,1397787001,0,PendingSubmit,0.0,100.0,0.0,0.0
1010101446,22042020  13:36:42,1010101444,1397787002,0,PendingSubmit,0.0,100.0,0.0,0.0
1010101445,22042020  13:36:42,1010101444,1397787001,0,PendingSubmit,0.0,100.0,0.0,0.0
1010101446,22042020  13:36:42,1010101444,1397787002,0,PreSubmitted,0.0,100.0,0.0,0.0
1010101445,22042020  13:36:42,1010101444,1397787001,0,PendingSubmit,0.0,100.0,0.0,0.0
1010101445,22042020  13:36:42,1010101444,1397787001,0,PendingSubmit,0.0,100.0,0.0,0.0
1010101446,22042020  13:36:42,1010101444,1397787002,0,PendingSubmit,0.0,100.0,0.0,0.0
1010101446,22042020  13:36:42,1010101444,1397787002,0,PreSubmitted,0.0,100.0,0.0,0.0
1010101445,22042020  13:36:42,1010101444,1397787001,0,Submitted,0.0,100.0,0.0,0.0
1010101445,22042020  13:36:42,1010101444,1397787001,0,PendingSubmit,0.0,100.0,0.0,0.0
1010101446,22042020  13:36:42,1010101444,1397787002,0,PendingSubmit,0.0,100.0,0.0,0.0
1010101446,22042020  13:36:43,1010101444,1397787002,0,PreSubmitted,0.0,100.0,0.0,0.0
1010101445,22042020  13:36:43,1010101444,1397787001,0,Submitted,0.0,100.0,0.0,0.0
1010101445,22042020  13:36:45,1010101444,1397787001,0,Submitted,0.0,100.0,0.0,0.0
1010101446,22042020  13:36:45,1010101444,1397787002,0,PendingSubmit,0.0,100.0,0.0,0.0
1010101446,22042020  13:36:45,1010101444,1397787002,0,PreSubmitted,0.0,100.0,0.0,0.0
1010101445,22042020  13:36:45,1010101444,1397787001,0,Submitted,0.0,100.0,0.0,0.0
1010101445,22042020  13:36:49,1010101444,1397787001,0,Submitted,0.0,100.0,0.0,0.0
1010101446,22042020  13:36:49,1010101444,1397787002,0,PendingSubmit,0.0,100.0,0.0,0.0
1010101446,22042020  13:36:49,1010101444,1397787002,0,PreSubmitted,0.0,100.0,0.0,0.0
1010101445,22042020  13:36:49,1010101444,1397787001,0,Submitted,0.0,100.0,0.0,0.0
1010101445,22042020  13:36:49,1010101444,1397787001,0,Submitted,0.0,100.0,0.0,0.0
1010101446,22042020  13:36:50,1010101444,1397787002,0,PendingSubmit,0.0,100.0,0.0,0.0
1010101446,22042020  13:36:50,1010101444,1397787002,0,PendingSubmit,0.0,100.0,0.0,0.0
1010101446,22042020  13:36:50,1010101444,1397787002,0,PreSubmitted,0.0,100.0,0.0,0.0
1010101445,22042020  13:36:50,1010101444,1397787001,0,PendingSubmit,0.0,100.0,0.0,0.0
1010101445,22042020  13:36:50,1010101444,1397787001,0,Submitted,0.0,100.0,0.0,0.0
1010101445,22042020  13:36:54,1010101444,1397787001,0,Submitted,0.0,100.0,0.0,0.0
1010101446,22042020  13:36:55,1010101444,1397787002,0,PendingSubmit,0.0,100.0,0.0,0.0
1010101446,22042020  13:36:55,1010101444,1397787002,0,PendingSubmit,0.0,100.0,0.0,0.0
1010101446,22042020  13:36:55,1010101444,1397787002,0,PreSubmitted,0.0,100.0,0.0,0.0
1010101445,22042020  13:36:55,1010101444,1397787001,0,PendingSubmit,0.0,100.0,0.0,0.0
1010101445,22042020  13:36:55,1010101444,1397787001,0,Submitted,0.0,100.0,0.0,0.0
1010101445,22042020  13:36:55,1010101444,1397787001,0,Submitted,0.0,100.0,0.0,0.0
1010101446,22042020  13:36:55,1010101444,1397787002,0,PreSubmitted,0.0,100.0,0.0,0.0
1010101445,22042020  13:37:00,1010101444,1397787001,0,Submitted,0.0,100.0,0.0,0.0
1010101446,22042020  13:37:00,1010101444,1397787002,0,PendingSubmit,0.0,100.0,0.0,0.0
1010101446,22042020  13:37:00,1010101444,1397787002,0,PreSubmitted,0.0,100.0,0.0,0.0
1010101445,22042020  13:37:00,1010101444,1397787001,0,Submitted,0.0,100.0,0.0,0.0
1010101445,22042020  13:37:03,1010101444,1397787001,0,Submitted,0.0,100.0,0.0,0.0
1010101446,22042020  13:37:03,1010101444,1397787002,0,PreSubmitted,0.0,100.0,0.0,0.0
1010101445,22042020  13:37:04,1010101444,1397787001,0,Submitted,0.0,100.0,0.0,0.0
1010101446,22042020  13:37:04,1010101444,1397787002,0,PreSubmitted,0.0,100.0,0.0,0.0
1010101445,22042020  13:37:05,1010101444,1397787001,0,Submitted,0.0,100.0,0.0,0.0
1010101446,22042020  13:37:05,1010101444,1397787002,0,PendingSubmit,0.0,100.0,0.0,0.0
1010101446,22042020  13:37:05,1010101444,1397787002,0,PreSubmitted,0.0,100.0,0.0,0.0
1010101445,22042020  13:37:05,1010101444,1397787001,0,Submitted,0.0,100.0,0.0,0.0
1010101445,22042020  13:37:10,1010101444,1397787001,0,PendingSubmit,0.0,100.0,0.0,0.0
1010101446,22042020  13:37:10,1010101444,1397787002,0,PendingSubmit,0.0,100.0,0.0,0.0
1010101446,22042020  13:37:10,1010101444,1397787002,0,PreSubmitted,0.0,100.0,0.0,0.0
1010101445,22042020  13:37:10,1010101444,1397787001,0,Submitted,0.0,100.0,0.0,0.0
1010101445,22042020  13:37:10,1010101444,1397787001,0,Submitted,0.0,100.0,0.0,0.0
1010101446,22042020  13:37:10,1010101444,1397787002,0,PreSubmitted,0.0,100.0,0.0,0.0
1010101445,22042020  13:37:12,1010101444,1397787001,0,Submitted,0.0,100.0,0.0,0.0
1010101446,22042020  13:37:12,1010101444,1397787002,0,PreSubmitted,0.0,100.0,0.0,0.0
1010101445,22042020  13:37:13,1010101444,1397787001,0,Submitted,0.0,100.0,0.0,0.0
1010101446,22042020  13:37:13,1010101444,1397787002,0,PreSubmitted,0.0,100.0,0.0,0.0
1010101445,22042020  13:37:15,1010101444,1397787001,0,Submitted,0.0,100.0,0.0,0.0
1010101446,22042020  13:37:15,1010101444,1397787002,0,PendingSubmit,0.0,100.0,0.0,0.0
1010101446,22042020  13:37:15,1010101444,1397787002,0,PreSubmitted,0.0,100.0,0.0,0.0
1010101445,22042020  13:37:15,1010101444,1397787001,0,Submitted,0.0,100.0,0.0,0.0
1010101445,22042020  13:37:20,1010101444,1397787001,0,Submitted,0.0,100.0,0.0,0.0
1010101446,22042020  13:37:20,1010101444,1397787002,0,PendingSubmit,0.0,100.0,0.0,0.0
1010101446,22042020  13:37:20,1010101444,1397787002,0,PreSubmitted,0.0,100.0,0.0,0.0
1010101445,22042020  13:37:20,1010101444,1397787001,0,Submitted,0.0,100.0,0.0,0.0
1010101445,22042020  13:37:25,1010101444,1397787001,0,Submitted,0.0,100.0,0.0,0.0
1010101446,22042020  13:37:25,1010101444,1397787002,0,PendingSubmit,0.0,100.0,0.0,0.0
1010101446,22042020  13:37:25,1010101444,1397787002,0,PreSubmitted,0.0,100.0,0.0,0.0
1010101445,22042020  13:37:25,1010101444,1397787001,0,Submitted,0.0,100.0,0.0,0.0
1010101445,22042020  13:37:28,1010101444,1397787001,0,PendingSubmit,0.0,100.0,0.0,0.0
1010101446,22042020  13:37:28,1010101444,1397787002,0,PendingSubmit,0.0,100.0,0.0,0.0
1010101446,22042020  13:37:28,1010101444,1397787002,0,PreSubmitted,0.0,100.0,0.0,0.0
1010101445,22042020  13:37:28,1010101444,1397787001,0,Submitted,0.0,100.0,0.0,0.0
1010101445,22042020  13:37:29,1010101444,1397787001,0,Submitted,0.0,100.0,0.0,0.0
1010101446,22042020  13:37:29,1010101444,1397787002,0,PendingSubmit,0.0,100.0,0.0,0.0
1010101446,22042020  13:37:29,1010101444,1397787002,0,PreSubmitted,0.0,100.0,0.0,0.0
1010101445,22042020  13:37:29,1010101444,1397787001,0,Submitted,0.0,100.0,0.0,0.0
1010101446,22042020  13:37:30,1010101444,1397787002,0,PendingSubmit,0.0,100.0,0.0,0.0
1010101446,22042020  13:37:30,1010101444,1397787002,0,PendingSubmit,0.0,100.0,0.0,0.0
1010101446,22042020  13:37:30,1010101444,1397787002,0,PreSubmitted,0.0,100.0,0.0,0.0
1010101445,22042020  13:37:30,1010101444,1397787001,0,PendingSubmit,0.0,100.0,0.0,0.0
1010101445,22042020  13:37:30,1010101444,1397787001,0,PendingSubmit,0.0,100.0,0.0,0.0
1010101445,22042020  13:37:30,1010101444,1397787001,0,Submitted,0.0,100.0,0.0,0.0
1010101445,22042020  13:37:31,1010101444,1397787001,0,Submitted,0.0,100.0,0.0,0.0
1010101446,22042020  13:37:31,1010101444,1397787002,0,PendingSubmit,0.0,100.0,0.0,0.0
1010101446,22042020  13:37:31,1010101444,1397787002,0,PreSubmitted,0.0,100.0,0.0,0.0
1010101445,22042020  13:37:31,1010101444,1397787001,0,Submitted,0.0,100.0,0.0,0.0
1010101445,22042020  13:37:33,1010101444,1397787001,0,PendingSubmit,0.0,100.0,0.0,0.0
1010101446,22042020  13:37:33,1010101444,1397787002,0,PendingSubmit,0.0,100.0,0.0,0.0
1010101446,22042020  13:37:34,1010101444,1397787002,0,PreSubmitted,0.0,100.0,0.0,0.0
1010101445,22042020  13:37:34,1010101444,1397787001,0,Submitted,0.0,100.0,0.0,0.0
1010101445,22042020  13:37:34,1010101444,1397787001,0,Submitted,0.0,100.0,0.0,0.0
1010101446,22042020  13:37:34,1010101444,1397787002,0,PreSubmitted,0.0,100.0,0.0,0.0
1010101445,22042020  13:37:34,1010101444,1397787001,0,PendingSubmit,0.0,100.0,0.0,0.0
1010101446,22042020  13:37:34,1010101444,1397787002,0,PendingSubmit,0.0,100.0,0.0,0.0
1010101446,22042020  13:37:34,1010101444,1397787002,0,PreSubmitted,0.0,100.0,0.0,0.0
1010101445,22042020  13:37:34,1010101444,1397787001,0,Submitted,0.0,100.0,0.0,0.0
1010101445,22042020  13:37:40,1010101444,1397787001,0,Submitted,0.0,100.0,0.0,0.0
1010101446,22042020  13:37:40,1010101444,1397787002,0,PendingSubmit,0.0,100.0,0.0,0.0
1010101446,22042020  13:37:40,1010101444,1397787002,0,PreSubmitted,0.0,100.0,0.0,0.0
1010101445,22042020  13:37:40,1010101444,1397787001,0,Submitted,0.0,100.0,0.0,0.0
1010101446,22042020  13:37:43,1010101444,1397787002,0,PendingSubmit,0.0,100.0,0.0,0.0
1010101446,22042020  13:37:43,1010101444,1397787002,0,PendingSubmit,0.0,100.0,0.0,0.0
1010101445,22042020  13:37:43,1010101444,1397787001,0,PendingSubmit,0.0,100.0,0.0,0.0
1010101445,22042020  13:37:44,1010101444,1397787001,0,PendingSubmit,0.0,100.0,0.0,0.0
1010101446,22042020  13:37:44,1010101444,1397787002,0,PendingSubmit,0.0,100.0,0.0,0.0
1010101445,22042020  13:37:44,1010101444,1397787001,0,PendingSubmit,0.0,100.0,0.0,0.0
1010101445,22042020  13:37:44,1010101444,1397787001,0,PendingSubmit,0.0,100.0,0.0,0.0
1010101446,22042020  13:37:44,1010101444,1397787002,0,PendingSubmit,0.0,100.0,0.0,0.0
1010101446,22042020  13:37:44,1010101444,1397787002,0,PendingSubmit,0.0,100.0,0.0,0.0
1010101445,22042020  13:37:44,1010101444,1397787001,0,PendingSubmit,0.0,100.0,0.0,0.0
1010101446,22042020  13:37:44,1010101444,1397787002,0,PendingSubmit,0.0,100.0,0.0,0.0
1010101445,22042020  13:37:44,1010101444,1397787001,0,PendingSubmit,0.0,100.0,0.0,0.0
1010101445,22042020  13:37:44,1010101444,1397787001,0,PendingSubmit,0.0,100.0,0.0,0.0
1010101446,22042020  13:37:44,1010101444,1397787002,0,PendingSubmit,0.0,100.0,0.0,0.0
1010101446,22042020  13:37:44,1010101444,1397787002,0,PendingSubmit,0.0,100.0,0.0,0.0
1010101445,22042020  13:37:44,1010101444,1397787001,0,PendingSubmit,0.0,100.0,0.0,0.0
1010101446,22042020  13:37:44,1010101444,1397787002,0,PreSubmitted,0.0,100.0,0.0,0.0
1010101445,22042020  13:37:44,1010101444,1397787001,0,Submitted,0.0,100.0,0.0,0.0
1010101445,22042020  13:37:45,1010101444,1397787001,0,Submitted,0.0,100.0,0.0,0.0
1010101446,22042020  13:37:45,1010101444,1397787002,0,PreSubmitted,0.0,100.0,0.0,0.0
1010101445,22042020  13:37:48,1010101444,1397787001,0,Submitted,0.0,100.0,0.0,0.0
1010101446,22042020  13:37:48,1010101444,1397787002,0,PendingSubmit,0.0,100.0,0.0,0.0
1010101446,22042020  13:37:48,1010101444,1397787002,0,PreSubmitted,0.0,100.0,0.0,0.0
1010101445,22042020  13:37:48,1010101444,1397787001,0,Submitted,0.0,100.0,0.0,0.0
1010101445,22042020  13:37:49,1010101444,1397787001,0,Submitted,0.0,100.0,0.0,0.0
1010101446,22042020  13:37:49,1010101444,1397787002,0,PreSubmitted,0.0,100.0,0.0,0.0
1010101445,22042020  13:37:49,1010101444,1397787001,0,Submitted,0.0,100.0,0.0,0.0
1010101446,22042020  13:37:49,1010101444,1397787002,0,PendingSubmit,0.0,100.0,0.0,0.0
1010101446,22042020  13:37:49,1010101444,1397787002,0,PreSubmitted,0.0,100.0,0.0,0.0
1010101445,22042020  13:37:49,1010101444,1397787001,0,Submitted,0.0,100.0,0.0,0.0
1010101445,22042020  13:37:54,1010101444,1397787001,0,PendingSubmit,0.0,100.0,0.0,0.0
1010101446,22042020  13:37:54,1010101444,1397787002,0,PendingSubmit,0.0,100.0,0.0,0.0
1010101446,22042020  13:37:54,1010101444,1397787002,0,PreSubmitted,0.0,100.0,0.0,0.0
1010101445,22042020  13:37:54,1010101444,1397787001,0,Submitted,0.0,100.0,0.0,0.0
1010101445,22042020  13:37:55,1010101444,1397787001,0,Submitted,0.0,100.0,0.0,0.0
1010101446,22042020  13:37:55,1010101444,1397787002,0,PendingSubmit,0.0,100.0,0.0,0.0
1010101446,22042020  13:37:55,1010101444,1397787002,0,PreSubmitted,0.0,100.0,0.0,0.0
1010101445,22042020  13:37:55,1010101444,1397787001,0,Submitted,0.0,100.0,0.0,0.0
1010101445,22042020  13:37:57,1010101444,1397787001,0,Submitted,0.0,100.0,0.0,0.0
1010101446,22042020  13:37:57,1010101444,1397787002,0,PreSubmitted,0.0,100.0,0.0,0.0
1010101445,22042020  13:37:58,1010101444,1397787001,0,Submitted,0.0,100.0,0.0,0.0
1010101446,22042020  13:37:58,1010101444,1397787002,0,PendingSubmit,0.0,100.0,0.0,0.0
1010101446,22042020  13:37:58,1010101444,1397787002,0,PreSubmitted,0.0,100.0,0.0,0.0
1010101445,22042020  13:37:59,1010101444,1397787001,0,Submitted,0.0,100.0,0.0,0.0
1010101445,22042020  13:37:59,1010101444,1397787001,0,Submitted,0.0,100.0,0.0,0.0
1010101446,22042020  13:37:59,1010101444,1397787002,0,PendingSubmit,0.0,100.0,0.0,0.0
1010101446,22042020  13:37:59,1010101444,1397787002,0,PreSubmitted,0.0,100.0,0.0,0.0
1010101445,22042020  13:38:00,1010101444,1397787001,0,Submitted,0.0,100.0,0.0,0.0
1010101445,22042020  13:38:02,1010101444,1397787001,0,Submitted,0.0,100.0,0.0,0.0
1010101446,22042020  13:38:02,1010101444,1397787002,0,PendingSubmit,0.0,100.0,0.0,0.0
1010101446,22042020  13:38:02,1010101444,1397787002,0,PreSubmitted,0.0,100.0,0.0,0.0
1010101445,22042020  13:38:02,1010101444,1397787001,0,Submitted,0.0,100.0,0.0,0.0
1010101445,22042020  13:38:03,1010101444,1397787001,0,Submitted,0.0,100.0,0.0,0.0
1010101446,22042020  13:38:03,1010101444,1397787002,0,PendingSubmit,0.0,100.0,0.0,0.0
1010101446,22042020  13:38:03,1010101444,1397787002,0,PreSubmitted,0.0,100.0,0.0,0.0
1010101445,22042020  13:38:03,1010101444,1397787001,0,PendingSubmit,0.0,100.0,0.0,0.0
1010101445,22042020  13:38:04,1010101444,1397787001,0,Submitted,0.0,100.0,0.0,0.0
1010101446,22042020  13:38:04,1010101444,1397787002,0,PendingSubmit,0.0,100.0,0.0,0.0
1010101445,22042020  13:38:04,1010101444,1397787001,0,PendingSubmit,0.0,100.0,0.0,0.0
1010101446,22042020  13:38:04,1010101444,1397787002,0,PendingSubmit,0.0,100.0,0.0,0.0
1010101446,22042020  13:38:04,1010101444,1397787002,0,PendingSubmit,0.0,100.0,0.0,0.0
1010101446,22042020  13:38:04,1010101444,1397787002,0,PendingSubmit,0.0,100.0,0.0,0.0
1010101446,22042020  13:38:04,1010101444,1397787002,0,PreSubmitted,0.0,100.0,0.0,0.0
1010101445,22042020  13:38:04,1010101444,1397787001,0,PendingSubmit,0.0,100.0,0.0,0.0
1010101445,22042020  13:38:04,1010101444,1397787001,0,PendingSubmit,0.0,100.0,0.0,0.0
1010101445,22042020  13:38:04,1010101444,1397787001,0,Submitted,0.0,100.0,0.0,0.0
1010101445,22042020  13:38:04,1010101444,1397787001,0,Submitted,0.0,100.0,0.0,0.0
1010101446,22042020  13:38:04,1010101444,1397787002,0,PendingSubmit,0.0,100.0,0.0,0.0
1010101446,22042020  13:38:04,1010101444,1397787002,0,PreSubmitted,0.0,100.0,0.0,0.0
1010101445,22042020  13:38:04,1010101444,1397787001,0,Submitted,0.0,100.0,0.0,0.0
1010101445,22042020  13:38:05,1010101444,1397787001,0,Submitted,0.0,100.0,0.0,0.0
1010101446,22042020  13:38:05,1010101444,1397787002,0,PreSubmitted,0.0,100.0,0.0,0.0
1010101445,22042020  13:38:09,1010101444,1397787001,0,PendingSubmit,0.0,100.0,0.0,0.0
1010101446,22042020  13:38:09,1010101444,1397787002,0,PendingSubmit,0.0,100.0,0.0,0.0
1010101446,22042020  13:38:09,1010101444,1397787002,0,PendingSubmit,0.0,100.0,0.0,0.0
1010101446,22042020  13:38:09,1010101444,1397787002,0,PreSubmitted,0.0,100.0,0.0,0.0
1010101445,22042020  13:38:09,1010101444,1397787001,0,PendingSubmit,0.0,100.0,0.0,0.0
1010101445,22042020  13:38:09,1010101444,1397787001,0,Submitted,0.0,100.0,0.0,0.0
1010101445,22042020  13:38:12,1010101444,1397787001,0,Submitted,0.0,100.0,0.0,0.0
1010101446,22042020  13:38:12,1010101444,1397787002,0,PendingSubmit,0.0,100.0,0.0,0.0
1010101446,22042020  13:38:13,1010101444,1397787002,0,PreSubmitted,0.0,100.0,0.0,0.0
1010101445,22042020  13:38:13,1010101444,1397787001,0,Submitted,0.0,100.0,0.0,0.0
1010101445,22042020  13:38:14,1010101444,1397787001,0,Submitted,0.0,100.0,0.0,0.0
1010101446,22042020  13:38:15,1010101444,1397787002,0,PendingSubmit,0.0,100.0,0.0,0.0
1010101446,22042020  13:38:15,1010101444,1397787002,0,PreSubmitted,0.0,100.0,0.0,0.0
1010101445,22042020  13:38:15,1010101444,1397787001,0,Submitted,0.0,100.0,0.0,0.0
1010101446,22042020  13:38:20,1010101444,1397787002,0,PreSubmitted,0.0,100.0,0.0,0.0
1010101445,22042020  13:38:20,1010101444,1397787001,0,Submitted,0.0,100.0,0.0,0.0
1010101445,22042020  13:38:21,1010101444,1397787001,0,Submitted,0.0,100.0,0.0,0.0
1010101446,22042020  13:38:21,1010101444,1397787002,0,PreSubmitted,0.0,100.0,0.0,0.0
1010101445,22042020  13:38:25,1010101444,1397787001,0,Submitted,0.0,100.0,0.0,0.0
1010101446,22042020  13:38:25,1010101444,1397787002,0,PendingSubmit,0.0,100.0,0.0,0.0
1010101446,22042020  13:38:25,1010101444,1397787002,0,PreSubmitted,0.0,100.0,0.0,0.0
1010101445,22042020  13:38:25,1010101444,1397787001,0,Submitted,0.0,100.0,0.0,0.0
1010101445,22042020  13:38:30,1010101444,1397787001,0,Submitted,0.0,100.0,0.0,0.0
1010101446,22042020  13:38:30,1010101444,1397787002,0,PendingSubmit,0.0,100.0,0.0,0.0
1010101446,22042020  13:38:30,1010101444,1397787002,0,PreSubmitted,0.0,100.0,0.0,0.0
1010101445,22042020  13:38:30,1010101444,1397787001,0,Submitted,0.0,100.0,0.0,0.0
1010101445,22042020  13:38:35,1010101444,1397787001,0,Submitted,0.0,100.0,0.0,0.0
1010101446,22042020  13:38:35,1010101444,1397787002,0,PendingSubmit,0.0,100.0,0.0,0.0
1010101446,22042020  13:38:35,1010101444,1397787002,0,PreSubmitted,0.0,100.0,0.0,0.0
1010101445,22042020  13:38:35,1010101444,1397787001,0,Submitted,0.0,100.0,0.0,0.0
1010101445,22042020  13:38:38,1010101444,1397787001,0,PendingSubmit,0.0,100.0,0.0,0.0
1010101446,22042020  13:38:38,1010101444,1397787002,0,PendingSubmit,0.0,100.0,0.0,0.0
1010101446,22042020  13:38:38,1010101444,1397787002,0,PendingSubmit,0.0,100.0,0.0,0.0
1010101445,22042020  13:38:38,1010101444,1397787001,0,PendingSubmit,0.0,100.0,0.0,0.0
1010101446,22042020  13:38:38,1010101444,1397787002,0,PreSubmitted,0.0,100.0,0.0,0.0
1010101445,22042020  13:38:38,1010101444,1397787001,0,Submitted,0.0,100.0,0.0,0.0
1010101445,22042020  13:38:40,1010101444,1397787001,0,Submitted,0.0,100.0,0.0,0.0
1010101446,22042020  13:38:40,1010101444,1397787002,0,PendingSubmit,0.0,100.0,0.0,0.0
1010101446,22042020  13:38:40,1010101444,1397787002,0,PreSubmitted,0.0,100.0,0.0,0.0
1010101445,22042020  13:38:40,1010101444,1397787001,0,Submitted,0.0,100.0,0.0,0.0
1010101445,22042020  13:38:45,1010101444,1397787001,0,Submitted,0.0,100.0,0.0,0.0
1010101446,22042020  13:38:45,1010101444,1397787002,0,PendingSubmit,0.0,100.0,0.0,0.0
1010101446,22042020  13:38:45,1010101444,1397787002,0,PreSubmitted,0.0,100.0,0.0,0.0
1010101445,22042020  13:38:45,1010101444,1397787001,0,Submitted,0.0,100.0,0.0,0.0
1010101445,22042020  13:38:49,1010101444,1397787001,0,Submitted,0.0,100.0,0.0,0.0
1010101446,22042020  13:38:49,1010101444,1397787002,0,PendingSubmit,0.0,100.0,0.0,0.0
1010101446,22042020  13:38:49,1010101444,1397787002,0,PreSubmitted,0.0,100.0,0.0,0.0
1010101445,22042020  13:38:49,1010101444,1397787001,0,Submitted,0.0,100.0,0.0,0.0
1010101445,22042020  13:38:51,1010101444,1397787001,0,PendingSubmit,0.0,100.0,0.0,0.0
1010101446,22042020  13:38:51,1010101444,1397787002,0,PendingSubmit,0.0,100.0,0.0,0.0
1010101445,22042020  13:38:52,1010101444,1397787001,0,PendingSubmit,0.0,100.0,0.0,0.0
1010101446,22042020  13:38:52,1010101444,1397787002,0,PendingSubmit,0.0,100.0,0.0,0.0
1010101446,22042020  13:38:52,1010101444,1397787002,0,PreSubmitted,0.0,100.0,0.0,0.0
1010101445,22042020  13:38:52,1010101444,1397787001,0,Submitted,0.0,100.0,0.0,0.0
1010101445,22042020  13:38:52,1010101444,1397787001,0,Submitted,0.0,100.0,0.0,0.0
1010101446,22042020  13:38:52,1010101444,1397787002,0,PreSubmitted,0.0,100.0,0.0,0.0
1010101445,22042020  13:38:52,1010101444,1397787001,0,Submitted,0.0,100.0,0.0,0.0
1010101446,22042020  13:38:52,1010101444,1397787002,0,PendingSubmit,0.0,100.0,0.0,0.0
1010101446,22042020  13:38:52,1010101444,1397787002,0,PreSubmitted,0.0,100.0,0.0,0.0
1010101445,22042020  13:38:52,1010101444,1397787001,0,Submitted,0.0,100.0,0.0,0.0
1010101445,22042020  13:38:55,1010101444,1397787001,0,Submitted,0.0,100.0,0.0,0.0
1010101446,22042020  13:38:55,1010101444,1397787002,0,PendingSubmit,0.0,100.0,0.0,0.0
1010101446,22042020  13:38:55,1010101444,1397787002,0,PreSubmitted,0.0,100.0,0.0,0.0
1010101445,22042020  13:38:55,1010101444,1397787001,0,Submitted,0.0,100.0,0.0,0.0
1010101445,22042020  13:38:56,1010101444,1397787001,0,Submitted,0.0,100.0,0.0,0.0
1010101446,22042020  13:38:56,1010101444,1397787002,0,PreSubmitted,0.0,100.0,0.0,0.0
1010101445,22042020  13:38:56,1010101444,1397787001,0,Submitted,0.0,100.0,0.0,0.0
1010101446,22042020  13:38:57,1010101444,1397787002,0,PendingSubmit,0.0,100.0,0.0,0.0
1010101446,22042020  13:38:57,1010101444,1397787002,0,PreSubmitted,0.0,100.0,0.0,0.0
1010101445,22042020  13:38:57,1010101444,1397787001,0,Submitted,0.0,100.0,0.0,0.0
1010101445,22042020  13:38:58,1010101444,1397787001,0,Submitted,0.0,100.0,0.0,0.0
1010101446,22042020  13:38:58,1010101444,1397787002,0,PendingSubmit,0.0,100.0,0.0,0.0
1010101446,22042020  13:38:58,1010101444,1397787002,0,PreSubmitted,0.0,100.0,0.0,0.0
1010101445,22042020  13:38:58,1010101444,1397787001,0,Submitted,0.0,100.0,0.0,0.0
1010101445,22042020  13:38:59,1010101444,1397787001,0,Submitted,0.0,100.0,0.0,0.0
1010101446,22042020  13:38:59,1010101444,1397787002,0,PendingSubmit,0.0,100.0,0.0,0.0
1010101446,22042020  13:38:59,1010101444,1397787002,0,PendingSubmit,0.0,100.0,0.0,0.0
1010101446,22042020  13:38:59,1010101444,1397787002,0,PreSubmitted,0.0,100.0,0.0,0.0
1010101445,22042020  13:38:59,1010101444,1397787001,0,PendingSubmit,0.0,100.0,0.0,0.0
1010101445,22042020  13:38:59,1010101444,1397787001,0,Submitted,0.0,100.0,0.0,0.0
1010101445,22042020  13:39:04,1010101444,1397787001,0,PendingSubmit,0.0,100.0,0.0,0.0
1010101446,22042020  13:39:04,1010101444,1397787002,0,PendingSubmit,0.0,100.0,0.0,0.0
1010101446,22042020  13:39:04,1010101444,1397787002,0,PendingSubmit,0.0,100.0,0.0,0.0
1010101445,22042020  13:39:04,1010101444,1397787001,0,PendingSubmit,0.0,100.0,0.0,0.0
1010101446,22042020  13:39:04,1010101444,1397787002,0,PendingSubmit,0.0,100.0,0.0,0.0
1010101446,22042020  13:39:04,1010101444,1397787002,0,PreSubmitted,0.0,100.0,0.0,0.0
1010101445,22042020  13:39:04,1010101444,1397787001,0,PendingSubmit,0.0,100.0,0.0,0.0
1010101445,22042020  13:39:04,1010101444,1397787001,0,PendingSubmit,0.0,100.0,0.0,0.0
1010101445,22042020  13:39:04,1010101444,1397787001,0,Submitted,0.0,100.0,0.0,0.0
1010101446,22042020  13:39:05,1010101444,1397787002,0,PendingSubmit,0.0,100.0,0.0,0.0
1010101445,22042020  13:39:05,1010101444,1397787001,0,Submitted,0.0,100.0,0.0,0.0
1010101446,22042020  13:39:05,1010101444,1397787002,0,PreSubmitted,0.0,100.0,0.0,0.0
1010101445,22042020  13:39:07,1010101444,1397787001,0,Submitted,0.0,100.0,0.0,0.0
1010101446,22042020  13:39:07,1010101444,1397787002,0,PreSubmitted,0.0,100.0,0.0,0.0
1010101445,22042020  13:39:09,1010101444,1397787001,0,Submitted,0.0,100.0,0.0,0.0
1010101446,22042020  13:39:09,1010101444,1397787002,0,PreSubmitted,0.0,100.0,0.0,0.0
1010101445,22042020  13:39:09,1010101444,1397787001,0,Submitted,0.0,100.0,0.0,0.0
1010101446,22042020  13:39:09,1010101444,1397787002,0,PendingSubmit,0.0,100.0,0.0,0.0
1010101446,22042020  13:39:09,1010101444,1397787002,0,PreSubmitted,0.0,100.0,0.0,0.0
1010101445,22042020  13:39:09,1010101444,1397787001,0,Submitted,0.0,100.0,0.0,0.0
1010101445,22042020  13:39:11,1010101444,1397787001,0,Submitted,0.0,100.0,0.0,0.0
1010101446,22042020  13:39:11,1010101444,1397787002,0,PendingSubmit,0.0,100.0,0.0,0.0
1010101446,22042020  13:39:11,1010101444,1397787002,0,PreSubmitted,0.0,100.0,0.0,0.0
1010101445,22042020  13:39:11,1010101444,1397787001,0,Submitted,0.0,100.0,0.0,0.0
1010101445,22042020  13:39:14,1010101444,1397787001,0,Submitted,0.0,100.0,0.0,0.0
1010101446,22042020  13:39:14,1010101444,1397787002,0,PendingSubmit,0.0,100.0,0.0,0.0
1010101446,22042020  13:39:14,1010101444,1397787002,0,PendingSubmit,0.0,100.0,0.0,0.0
1010101446,22042020  13:39:14,1010101444,1397787002,0,PreSubmitted,0.0,100.0,0.0,0.0
1010101445,22042020  13:39:14,1010101444,1397787001,0,PendingSubmit,0.0,100.0,0.0,0.0
1010101445,22042020  13:39:14,1010101444,1397787001,0,Submitted,0.0,100.0,0.0,0.0
1010101445,22042020  13:39:15,1010101444,1397787001,0,Submitted,0.0,100.0,0.0,0.0
1010101446,22042020  13:39:15,1010101444,1397787002,0,PreSubmitted,0.0,100.0,0.0,0.0
1010101445,22042020  13:39:17,1010101444,1397787001,0,Submitted,0.0,100.0,0.0,0.0
1010101446,22042020  13:39:17,1010101444,1397787002,0,PendingSubmit,0.0,100.0,0.0,0.0
1010101446,22042020  13:39:17,1010101444,1397787002,0,PreSubmitted,0.0,100.0,0.0,0.0
1010101445,22042020  13:39:17,1010101444,1397787001,0,Submitted,0.0,100.0,0.0,0.0
1010101445,22042020  13:39:17,1010101444,1397787001,0,Submitted,0.0,100.0,0.0,0.0
1010101446,22042020  13:39:18,1010101444,1397787002,0,PreSubmitted,0.0,100.0,0.0,0.0
1010101445,22042020  13:39:19,1010101444,1397787001,0,Submitted,0.0,100.0,0.0,0.0
1010101446,22042020  13:39:19,1010101444,1397787002,0,PendingSubmit,0.0,100.0,0.0,0.0
1010101446,22042020  13:39:20,1010101444,1397787002,0,PreSubmitted,0.0,100.0,0.0,0.0
1010101445,22042020  13:39:20,1010101444,1397787001,0,Submitted,0.0,100.0,0.0,0.0
1010101445,22042020  13:39:25,1010101444,1397787001,0,Submitted,0.0,100.0,0.0,0.0
1010101446,22042020  13:39:25,1010101444,1397787002,0,PendingSubmit,0.0,100.0,0.0,0.0
1010101446,22042020  13:39:25,1010101444,1397787002,0,PreSubmitted,0.0,100.0,0.0,0.0
1010101445,22042020  13:39:25,1010101444,1397787001,0,PendingSubmit,0.0,100.0,0.0,0.0
1010101445,22042020  13:39:25,1010101444,1397787001,0,Submitted,0.0,100.0,0.0,0.0
1010101446,22042020  13:39:25,1010101444,1397787002,0,PreSubmitted,0.0,100.0,0.0,0.0
1010101445,22042020  13:39:28,1010101444,1397787001,0,Submitted,0.0,100.0,0.0,0.0
1010101446,22042020  13:39:28,1010101444,1397787002,0,PendingSubmit,0.0,100.0,0.0,0.0
1010101446,22042020  13:39:28,1010101444,1397787002,0,PreSubmitted,0.0,100.0,0.0,0.0
1010101445,22042020  13:39:28,1010101444,1397787001,0,Submitted,0.0,100.0,0.0,0.0
1010101445,22042020  13:39:29,1010101444,1397787001,0,PendingSubmit,0.0,100.0,0.0,0.0
1010101446,22042020  13:39:30,1010101444,1397787002,0,PendingSubmit,0.0,100.0,0.0,0.0
1010101446,22042020  13:39:30,1010101444,1397787002,0,PendingSubmit,0.0,100.0,0.0,0.0
1010101445,22042020  13:39:30,1010101444,1397787001,0,PendingSubmit,0.0,100.0,0.0,0.0
1010101446,22042020  13:39:30,1010101444,1397787002,0,PreSubmitted,0.0,100.0,0.0,0.0
1010101445,22042020  13:39:30,1010101444,1397787001,0,Submitted,0.0,100.0,0.0,0.0
1010101445,22042020  13:39:30,1010101444,1397787001,0,Submitted,0.0,100.0,0.0,0.0
1010101446,22042020  13:39:30,1010101444,1397787002,0,PreSubmitted,0.0,100.0,0.0,0.0
1010101445,22042020  13:39:32,1010101444,1397787001,0,Submitted,0.0,100.0,0.0,0.0
1010101446,22042020  13:39:32,1010101444,1397787002,0,PendingSubmit,0.0,100.0,0.0,0.0
1010101446,22042020  13:39:32,1010101444,1397787002,0,PreSubmitted,0.0,100.0,0.0,0.0
1010101445,22042020  13:39:32,1010101444,1397787001,0,Submitted,0.0,100.0,0.0,0.0
1010101445,22042020  13:39:34,1010101444,1397787001,0,Submitted,0.0,100.0,0.0,0.0
1010101446,22042020  13:39:34,1010101444,1397787002,0,PendingSubmit,0.0,100.0,0.0,0.0
1010101446,22042020  13:39:34,1010101444,1397787002,0,PendingSubmit,0.0,100.0,0.0,0.0
1010101445,22042020  13:39:34,1010101444,1397787001,0,PendingSubmit,0.0,100.0,0.0,0.0
1010101446,22042020  13:39:34,1010101444,1397787002,0,PendingSubmit,0.0,100.0,0.0,0.0
1010101445,22042020  13:39:34,1010101444,1397787001,0,PendingSubmit,0.0,100.0,0.0,0.0
1010101446,22042020  13:39:34,1010101444,1397787002,0,PendingSubmit,0.0,100.0,0.0,0.0
1010101445,22042020  13:39:34,1010101444,1397787001,0,PendingSubmit,0.0,100.0,0.0,0.0
1010101446,22042020  13:39:35,1010101444,1397787002,0,PendingSubmit,0.0,100.0,0.0,0.0
1010101446,22042020  13:39:35,1010101444,1397787002,0,PreSubmitted,0.0,100.0,0.0,0.0
1010101445,22042020  13:39:35,1010101444,1397787001,0,PendingSubmit,0.0,100.0,0.0,0.0
1010101445,22042020  13:39:35,1010101444,1397787001,0,Submitted,0.0,100.0,0.0,0.0
1010101445,22042020  13:39:35,1010101444,1397787001,0,Submitted,0.0,100.0,0.0,0.0
1010101446,22042020  13:39:35,1010101444,1397787002,0,PreSubmitted,0.0,100.0,0.0,0.0
1010101445,22042020  13:39:36,1010101444,1397787001,0,Submitted,0.0,100.0,0.0,0.0
1010101446,22042020  13:39:36,1010101444,1397787002,0,PendingSubmit,0.0,100.0,0.0,0.0
1010101446,22042020  13:39:36,1010101444,1397787002,0,PendingSubmit,0.0,100.0,0.0,0.0
1010101446,22042020  13:39:36,1010101444,1397787002,0,PendingSubmit,0.0,100.0,0.0,0.0
1010101445,22042020  13:39:36,1010101444,1397787001,0,PendingSubmit,0.0,100.0,0.0,0.0
1010101445,22042020  13:39:36,1010101444,1397787001,0,PendingSubmit,0.0,100.0,0.0,0.0
1010101446,22042020  13:39:36,1010101444,1397787002,0,PreSubmitted,0.0,100.0,0.0,0.0
1010101445,22042020  13:39:36,1010101444,1397787001,0,Submitted,0.0,100.0,0.0,0.0
1010101445,22042020  13:39:36,1010101444,1397787001,0,Submitted,0.0,100.0,0.0,0.0
1010101446,22042020  13:39:36,1010101444,1397787002,0,PendingSubmit,0.0,100.0,0.0,0.0
1010101446,22042020  13:39:36,1010101444,1397787002,0,PendingSubmit,0.0,100.0,0.0,0.0
1010101445,22042020  13:39:36,1010101444,1397787001,0,PendingSubmit,0.0,100.0,0.0,0.0
1010101446,22042020  13:39:37,1010101444,1397787002,0,PendingSubmit,0.0,100.0,0.0,0.0
1010101445,22042020  13:39:37,1010101444,1397787001,0,PendingSubmit,0.0,100.0,0.0,0.0
1010101446,22042020  13:39:37,1010101444,1397787002,0,PendingSubmit,0.0,100.0,0.0,0.0
1010101445,22042020  13:39:37,1010101444,1397787001,0,PendingSubmit,0.0,100.0,0.0,0.0
1010101446,22042020  13:39:37,1010101444,1397787002,0,PreSubmitted,0.0,100.0,0.0,0.0
1010101445,22042020  13:39:37,1010101444,1397787001,0,Submitted,0.0,100.0,0.0,0.0
1010101445,22042020  13:39:37,1010101444,1397787001,0,PendingSubmit,0.0,100.0,0.0,0.0
1010101446,22042020  13:39:37,1010101444,1397787002,0,PendingSubmit,0.0,100.0,0.0,0.0
1010101446,22042020  13:39:37,1010101444,1397787002,0,PreSubmitted,0.0,100.0,0.0,0.0
1010101445,22042020  13:39:37,1010101444,1397787001,0,Submitted,0.0,100.0,0.0,0.0
1010101445,22042020  13:39:37,1010101444,1397787001,0,PendingSubmit,0.0,100.0,0.0,0.0
1010101446,22042020  13:39:37,1010101444,1397787002,0,PendingSubmit,0.0,100.0,0.0,0.0
1010101446,22042020  13:39:37,1010101444,1397787002,0,PreSubmitted,0.0,100.0,0.0,0.0
1010101445,22042020  13:39:37,1010101444,1397787001,0,Submitted,0.0,100.0,0.0,0.0
1010101445,22042020  13:39:38,1010101444,1397787001,0,Submitted,0.0,100.0,0.0,0.0
1010101446,22042020  13:39:38,1010101444,1397787002,0,PreSubmitted,0.0,100.0,0.0,0.0
1010101445,22042020  13:39:38,1010101444,1397787001,0,PendingSubmit,0.0,100.0,0.0,0.0
1010101446,22042020  13:39:38,1010101444,1397787002,0,PendingSubmit,0.0,100.0,0.0,0.0
1010101446,22042020  13:39:38,1010101444,1397787002,0,PreSubmitted,0.0,100.0,0.0,0.0
1010101445,22042020  13:39:38,1010101444,1397787001,0,Submitted,0.0,100.0,0.0,0.0
1010101445,22042020  13:39:38,1010101444,1397787001,0,Submitted,0.0,100.0,0.0,0.0
1010101446,22042020  13:39:39,1010101444,1397787002,0,PreSubmitted,0.0,100.0,0.0,0.0
1010101445,22042020  13:39:40,1010101444,1397787001,0,PendingSubmit,0.0,100.0,0.0,0.0
1010101446,22042020  13:39:40,1010101444,1397787002,0,PendingSubmit,0.0,100.0,0.0,0.0
1010101446,22042020  13:39:40,1010101444,1397787002,0,PendingSubmit,0.0,100.0,0.0,0.0
1010101446,22042020  13:39:40,1010101444,1397787002,0,PendingSubmit,0.0,100.0,0.0,0.0
1010101445,22042020  13:39:40,1010101444,1397787001,0,PendingSubmit,0.0,100.0,0.0,0.0
1010101445,22042020  13:39:40,1010101444,1397787001,0,PendingSubmit,0.0,100.0,0.0,0.0
1010101446,22042020  13:39:40,1010101444,1397787002,0,PreSubmitted,0.0,100.0,0.0,0.0
1010101445,22042020  13:39:40,1010101444,1397787001,0,Submitted,0.0,100.0,0.0,0.0
1010101445,22042020  13:39:40,1010101444,1397787001,0,Submitted,0.0,100.0,0.0,0.0
1010101446,22042020  13:39:40,1010101444,1397787002,0,PreSubmitted,0.0,100.0,0.0,0.0
1010101446,22042020  13:39:41,1010101444,1397787002,0,PendingSubmit,0.0,100.0,0.0,0.0
1010101446,22042020  13:39:41,1010101444,1397787002,0,PendingSubmit,0.0,100.0,0.0,0.0
1010101445,22042020  13:39:41,1010101444,1397787001,0,PendingSubmit,0.0,100.0,0.0,0.0
1010101445,22042020  13:39:41,1010101444,1397787001,0,PendingSubmit,0.0,100.0,0.0,0.0
1010101446,22042020  13:39:41,1010101444,1397787002,0,PendingSubmit,0.0,100.0,0.0,0.0
1010101445,22042020  13:39:41,1010101444,1397787001,0,PendingSubmit,0.0,100.0,0.0,0.0
1010101446,22042020  13:39:41,1010101444,1397787002,0,PendingSubmit,0.0,100.0,0.0,0.0
1010101445,22042020  13:39:41,1010101444,1397787001,0,PendingSubmit,0.0,100.0,0.0,0.0
1010101445,22042020  13:39:41,1010101444,1397787001,0,Submitted,0.0,100.0,0.0,0.0
1010101446,22042020  13:39:41,1010101444,1397787002,0,PendingSubmit,0.0,100.0,0.0,0.0
1010101445,22042020  13:39:41,1010101444,1397787001,0,PendingSubmit,0.0,100.0,0.0,0.0
1010101446,22042020  13:39:42,1010101444,1397787002,0,PendingSubmit,0.0,100.0,0.0,0.0
1010101446,22042020  13:39:42,1010101444,1397787002,0,PreSubmitted,0.0,100.0,0.0,0.0
1010101445,22042020  13:39:42,1010101444,1397787001,0,Submitted,0.0,100.0,0.0,0.0
1010101445,22042020  13:39:42,1010101444,1397787001,0,Submitted,0.0,100.0,0.0,0.0
1010101446,22042020  13:39:42,1010101444,1397787002,0,PreSubmitted,0.0,100.0,0.0,0.0
1010101445,22042020  13:39:42,1010101444,1397787001,0,Submitted,0.0,100.0,0.0,0.0
1010101446,22042020  13:39:42,1010101444,1397787002,0,PreSubmitted,0.0,100.0,0.0,0.0
1010101445,22042020  13:39:43,1010101444,1397787001,0,Submitted,0.0,100.0,0.0,0.0
1010101446,22042020  13:39:43,1010101444,1397787002,0,PendingSubmit,0.0,100.0,0.0,0.0
1010101446,22042020  13:39:43,1010101444,1397787002,0,PreSubmitted,0.0,100.0,0.0,0.0
1010101445,22042020  13:39:43,1010101444,1397787001,0,Submitted,0.0,100.0,0.0,0.0
1010101445,22042020  13:39:44,1010101444,1397787001,0,Submitted,0.0,100.0,0.0,0.0
1010101446,22042020  13:39:44,1010101444,1397787002,0,PendingSubmit,0.0,100.0,0.0,0.0
1010101446,22042020  13:39:44,1010101444,1397787002,0,PendingSubmit,0.0,100.0,0.0,0.0
1010101446,22042020  13:39:44,1010101444,1397787002,0,PreSubmitted,0.0,100.0,0.0,0.0
1010101445,22042020  13:39:44,1010101444,1397787001,0,PendingSubmit,0.0,100.0,0.0,0.0
1010101445,22042020  13:39:44,1010101444,1397787001,0,Submitted,0.0,100.0,0.0,0.0
1010101446,22042020  13:39:45,1010101444,1397787002,0,PendingSubmit,0.0,100.0,0.0,0.0
1010101446,22042020  13:39:45,1010101444,1397787002,0,PreSubmitted,0.0,100.0,0.0,0.0
1010101445,22042020  13:39:45,1010101444,1397787001,0,PendingSubmit,0.0,100.0,0.0,0.0
1010101445,22042020  13:39:45,1010101444,1397787001,0,Submitted,0.0,100.0,0.0,0.0
1010101445,22042020  13:39:46,1010101444,1397787001,0,Submitted,0.0,100.0,0.0,0.0
1010101446,22042020  13:39:46,1010101444,1397787002,0,PreSubmitted,0.0,100.0,0.0,0.0
1010101445,22042020  13:39:47,1010101444,1397787001,0,PendingSubmit,0.0,100.0,0.0,0.0
1010101446,22042020  13:39:47,1010101444,1397787002,0,PendingSubmit,0.0,100.0,0.0,0.0
1010101446,22042020  13:39:47,1010101444,1397787002,0,PendingSubmit,0.0,100.0,0.0,0.0
1010101445,22042020  13:39:47,1010101444,1397787001,0,PendingSubmit,0.0,100.0,0.0,0.0
1010101446,22042020  13:39:47,1010101444,1397787002,0,PendingSubmit,0.0,100.0,0.0,0.0
1010101445,22042020  13:39:47,1010101444,1397787001,0,PendingSubmit,0.0,100.0,0.0,0.0
1010101445,22042020  13:39:47,1010101444,1397787001,0,Submitted,0.0,100.0,0.0,0.0
1010101446,22042020  13:39:47,1010101444,1397787002,0,PendingSubmit,0.0,100.0,0.0,0.0
1010101445,22042020  13:39:48,1010101444,1397787001,0,Submitted,0.0,100.0,0.0,0.0
1010101446,22042020  13:39:48,1010101444,1397787002,0,PreSubmitted,0.0,100.0,0.0,0.0
1010101445,22042020  13:39:49,1010101444,1397787001,0,Submitted,0.0,100.0,0.0,0.0
1010101446,22042020  13:39:49,1010101444,1397787002,0,PendingSubmit,0.0,100.0,0.0,0.0
1010101446,22042020  13:39:49,1010101444,1397787002,0,PendingSubmit,0.0,100.0,0.0,0.0
1010101446,22042020  13:39:49,1010101444,1397787002,0,PreSubmitted,0.0,100.0,0.0,0.0
1010101445,22042020  13:39:49,1010101444,1397787001,0,PendingSubmit,0.0,100.0,0.0,0.0
1010101445,22042020  13:39:49,1010101444,1397787001,0,Submitted,0.0,100.0,0.0,0.0
1010101445,22042020  13:39:49,1010101444,1397787001,0,PendingSubmit,0.0,100.0,0.0,0.0
1010101446,22042020  13:39:49,1010101444,1397787002,0,PendingSubmit,0.0,100.0,0.0,0.0
1010101446,22042020  13:39:49,1010101444,1397787002,0,PendingSubmit,0.0,100.0,0.0,0.0
1010101445,22042020  13:39:49,1010101444,1397787001,0,PendingSubmit,0.0,100.0,0.0,0.0
1010101446,22042020  13:39:49,1010101444,1397787002,0,PreSubmitted,0.0,100.0,0.0,0.0
1010101445,22042020  13:39:49,1010101444,1397787001,0,Submitted,0.0,100.0,0.0,0.0
1010101445,22042020  13:39:51,1010101444,1397787001,0,Submitted,0.0,100.0,0.0,0.0
1010101446,22042020  13:39:51,1010101444,1397787002,0,PendingSubmit,0.0,100.0,0.0,0.0
1010101446,22042020  13:39:51,1010101444,1397787002,0,PendingSubmit,0.0,100.0,0.0,0.0
1010101445,22042020  13:39:51,1010101444,1397787001,0,PendingSubmit,0.0,100.0,0.0,0.0
1010101446,22042020  13:39:51,1010101444,1397787002,0,PreSubmitted,0.0,100.0,0.0,0.0
1010101445,22042020  13:39:51,1010101444,1397787001,0,Submitted,0.0,100.0,0.0,0.0
1010101445,22042020  13:39:52,1010101444,1397787001,0,Submitted,0.0,100.0,0.0,0.0
1010101446,22042020  13:39:52,1010101444,1397787002,0,PreSubmitted,0.0,100.0,0.0,0.0
1010101445,22042020  13:39:53,1010101444,1397787001,0,Submitted,0.0,100.0,0.0,0.0
1010101446,22042020  13:39:54,1010101444,1397787002,0,PendingSubmit,0.0,100.0,0.0,0.0
1010101446,22042020  13:39:54,1010101444,1397787002,0,PreSubmitted,0.0,100.0,0.0,0.0
1010101445,22042020  13:39:54,1010101444,1397787001,0,Submitted,0.0,100.0,0.0,0.0
1010101445,22042020  13:39:55,1010101444,1397787001,0,Submitted,0.0,100.0,0.0,0.0
1010101446,22042020  13:39:55,1010101444,1397787002,0,PendingSubmit,0.0,100.0,0.0,0.0
1010101446,22042020  13:39:55,1010101444,1397787002,0,PreSubmitted,0.0,100.0,0.0,0.0
1010101445,22042020  13:39:55,1010101444,1397787001,0,Submitted,0.0,100.0,0.0,0.0
1010101445,22042020  13:39:56,1010101444,1397787001,0,PendingSubmit,0.0,100.0,0.0,0.0
1010101446,22042020  13:39:56,1010101444,1397787002,0,PendingSubmit,0.0,100.0,0.0,0.0
1010101446,22042020  13:39:56,1010101444,1397787002,0,PreSubmitted,0.0,100.0,0.0,0.0
1010101445,22042020  13:39:56,1010101444,1397787001,0,Submitted,0.0,100.0,0.0,0.0
1010101445,22042020  13:40:00,1010101444,1397787001,0,Submitted,0.0,100.0,0.0,0.0
1010101446,22042020  13:40:00,1010101444,1397787002,0,PendingSubmit,0.0,100.0,0.0,0.0
1010101446,22042020  13:40:00,1010101444,1397787002,0,PreSubmitted,0.0,100.0,0.0,0.0
1010101445,22042020  13:40:00,1010101444,1397787001,0,Submitted,0.0,100.0,0.0,0.0
1010101445,22042020  13:40:04,1010101444,1397787001,0,Submitted,0.0,100.0,0.0,0.0
1010101446,22042020  13:40:04,1010101444,1397787002,0,PendingSubmit,0.0,100.0,0.0,0.0
1010101446,22042020  13:40:04,1010101444,1397787002,0,PreSubmitted,0.0,100.0,0.0,0.0
1010101445,22042020  13:40:04,1010101444,1397787001,0,Submitted,0.0,100.0,0.0,0.0
1010101445,22042020  13:40:04,1010101444,1397787001,0,Submitted,0.0,100.0,0.0,0.0
1010101446,22042020  13:40:04,1010101444,1397787002,0,PendingSubmit,0.0,100.0,0.0,0.0
1010101446,22042020  13:40:04,1010101444,1397787002,0,PreSubmitted,0.0,100.0,0.0,0.0
1010101445,22042020  13:40:04,1010101444,1397787001,0,Submitted,0.0,100.0,0.0,0.0
1010101445,22042020  13:40:10,1010101444,1397787001,0,Submitted,0.0,100.0,0.0,0.0
1010101446,22042020  13:40:10,1010101444,1397787002,0,PendingSubmit,0.0,100.0,0.0,0.0
1010101446,22042020  13:40:10,1010101444,1397787002,0,PreSubmitted,0.0,100.0,0.0,0.0
1010101445,22042020  13:40:10,1010101444,1397787001,0,Submitted,0.0,100.0,0.0,0.0
1010101445,22042020  13:40:15,1010101444,1397787001,0,Submitted,0.0,100.0,0.0,0.0
1010101446,22042020  13:40:15,1010101444,1397787002,0,PendingSubmit,0.0,100.0,0.0,0.0
1010101446,22042020  13:40:15,1010101444,1397787002,0,PreSubmitted,0.0,100.0,0.0,0.0
1010101445,22042020  13:40:15,1010101444,1397787001,0,Submitted,0.0,100.0,0.0,0.0
1010101445,22042020  13:40:19,1010101444,1397787001,0,PendingSubmit,0.0,100.0,0.0,0.0
1010101446,22042020  13:40:20,1010101444,1397787002,0,PendingSubmit,0.0,100.0,0.0,0.0
1010101446,22042020  13:40:20,1010101444,1397787002,0,PendingSubmit,0.0,100.0,0.0,0.0
1010101445,22042020  13:40:20,1010101444,1397787001,0,PendingSubmit,0.0,100.0,0.0,0.0
1010101446,22042020  13:40:20,1010101444,1397787002,0,PendingSubmit,0.0,100.0,0.0,0.0
1010101445,22042020  13:40:20,1010101444,1397787001,0,PendingSubmit,0.0,100.0,0.0,0.0
1010101446,22042020  13:40:20,1010101444,1397787002,0,PendingSubmit,0.0,100.0,0.0,0.0
1010101445,22042020  13:40:20,1010101444,1397787001,0,PendingSubmit,0.0,100.0,0.0,0.0
1010101445,22042020  13:40:20,1010101444,1397787001,0,Submitted,0.0,100.0,0.0,0.0
1010101446,22042020  13:40:20,1010101444,1397787002,0,PendingSubmit,0.0,100.0,0.0,0.0
1010101445,22042020  13:40:20,1010101444,1397787001,0,Submitted,0.0,100.0,0.0,0.0
1010101446,22042020  13:40:20,1010101444,1397787002,0,PreSubmitted,0.0,100.0,0.0,0.0
1010101445,22042020  13:40:23,1010101444,1397787001,0,Submitted,0.0,100.0,0.0,0.0
1010101446,22042020  13:40:23,1010101444,1397787002,0,PendingSubmit,0.0,100.0,0.0,0.0
1010101446,22042020  13:40:23,1010101444,1397787002,0,PreSubmitted,0.0,100.0,0.0,0.0
1010101445,22042020  13:40:23,1010101444,1397787001,0,Submitted,0.0,100.0,0.0,0.0
1010101445,22042020  13:40:24,1010101444,1397787001,0,Submitted,0.0,100.0,0.0,0.0
1010101446,22042020  13:40:24,1010101444,1397787002,0,PendingSubmit,0.0,100.0,0.0,0.0
1010101446,22042020  13:40:24,1010101444,1397787002,0,PreSubmitted,0.0,100.0,0.0,0.0
1010101445,22042020  13:40:24,1010101444,1397787001,0,PendingSubmit,0.0,100.0,0.0,0.0
1010101445,22042020  13:40:24,1010101444,1397787001,0,PendingSubmit,0.0,100.0,0.0,0.0
1010101446,22042020  13:40:24,1010101444,1397787002,0,PendingSubmit,0.0,100.0,0.0,0.0
1010101446,22042020  13:40:24,1010101444,1397787002,0,PendingSubmit,0.0,100.0,0.0,0.0
1010101445,22042020  13:40:24,1010101444,1397787001,0,PendingSubmit,0.0,100.0,0.0,0.0
1010101446,22042020  13:40:24,1010101444,1397787002,0,PreSubmitted,0.0,100.0,0.0,0.0
1010101445,22042020  13:40:24,1010101444,1397787001,0,Submitted,0.0,100.0,0.0,0.0
1010101445,22042020  13:40:25,1010101444,1397787001,0,Submitted,0.0,100.0,0.0,0.0
1010101446,22042020  13:40:25,1010101444,1397787002,0,PreSubmitted,0.0,100.0,0.0,0.0
1010101445,22042020  13:40:25,1010101444,1397787001,0,PendingSubmit,0.0,100.0,0.0,0.0
1010101446,22042020  13:40:25,1010101444,1397787002,0,PendingSubmit,0.0,100.0,0.0,0.0
1010101446,22042020  13:40:25,1010101444,1397787002,0,PreSubmitted,0.0,100.0,0.0,0.0
1010101445,22042020  13:40:25,1010101444,1397787001,0,Submitted,0.0,100.0,0.0,0.0
1010101445,22042020  13:40:25,1010101444,1397787001,0,Submitted,0.0,100.0,0.0,0.0
1010101446,22042020  13:40:26,1010101444,1397787002,0,PendingSubmit,0.0,100.0,0.0,0.0
1010101446,22042020  13:40:26,1010101444,1397787002,0,PreSubmitted,0.0,100.0,0.0,0.0
1010101445,22042020  13:40:26,1010101444,1397787001,0,Submitted,0.0,100.0,0.0,0.0
1010101445,22042020  13:40:30,1010101444,1397787001,0,Submitted,0.0,100.0,0.0,0.0
1010101446,22042020  13:40:30,1010101444,1397787002,0,PendingSubmit,0.0,100.0,0.0,0.0
1010101446,22042020  13:40:30,1010101444,1397787002,0,PreSubmitted,0.0,100.0,0.0,0.0
1010101445,22042020  13:40:30,1010101444,1397787001,0,Submitted,0.0,100.0,0.0,0.0
1010101445,22042020  13:40:33,1010101444,1397787001,0,Submitted,0.0,100.0,0.0,0.0
1010101446,22042020  13:40:33,1010101444,1397787002,0,PendingSubmit,0.0,100.0,0.0,0.0
1010101446,22042020  13:40:33,1010101444,1397787002,0,PreSubmitted,0.0,100.0,0.0,0.0
1010101445,22042020  13:40:33,1010101444,1397787001,0,Submitted,0.0,100.0,0.0,0.0
1010101445,22042020  13:40:34,1010101444,1397787001,0,Submitted,0.0,100.0,0.0,0.0
1010101446,22042020  13:40:34,1010101444,1397787002,0,PendingSubmit,0.0,100.0,0.0,0.0
1010101446,22042020  13:40:34,1010101444,1397787002,0,PreSubmitted,0.0,100.0,0.0,0.0
1010101445,22042020  13:40:34,1010101444,1397787001,0,Submitted,0.0,100.0,0.0,0.0
1010101445,22042020  13:40:34,1010101444,1397787001,0,Submitted,0.0,100.0,0.0,0.0
1010101446,22042020  13:40:34,1010101444,1397787002,0,PreSubmitted,0.0,100.0,0.0,0.0
1010101445,22042020  13:40:40,1010101444,1397787001,0,Submitted,0.0,100.0,0.0,0.0
1010101446,22042020  13:40:40,1010101444,1397787002,0,PendingSubmit,0.0,100.0,0.0,0.0
1010101446,22042020  13:40:40,1010101444,1397787002,0,PreSubmitted,0.0,100.0,0.0,0.0
1010101445,22042020  13:40:40,1010101444,1397787001,0,Submitted,0.0,100.0,0.0,0.0
1010101445,22042020  13:40:45,1010101444,1397787001,0,Submitted,0.0,100.0,0.0,0.0
1010101446,22042020  13:40:45,1010101444,1397787002,0,PendingSubmit,0.0,100.0,0.0,0.0
1010101446,22042020  13:40:45,1010101444,1397787002,0,PreSubmitted,0.0,100.0,0.0,0.0
1010101445,22042020  13:40:45,1010101444,1397787001,0,Submitted,0.0,100.0,0.0,0.0
1010101445,22042020  13:40:50,1010101444,1397787001,0,Submitted,0.0,100.0,0.0,0.0
1010101446,22042020  13:40:50,1010101444,1397787002,0,PendingSubmit,0.0,100.0,0.0,0.0
1010101446,22042020  13:40:50,1010101444,1397787002,0,PreSubmitted,0.0,100.0,0.0,0.0
1010101445,22042020  13:40:50,1010101444,1397787001,0,Submitted,0.0,100.0,0.0,0.0
1010101445,22042020  13:40:55,1010101444,1397787001,0,Submitted,0.0,100.0,0.0,0.0
1010101446,22042020  13:40:55,1010101444,1397787002,0,PendingSubmit,0.0,100.0,0.0,0.0
1010101446,22042020  13:40:55,1010101444,1397787002,0,PreSubmitted,0.0,100.0,0.0,0.0
1010101445,22042020  13:40:55,1010101444,1397787001,0,Submitted,0.0,100.0,0.0,0.0
1010101445,22042020  13:41:00,1010101444,1397787001,0,Submitted,0.0,100.0,0.0,0.0
1010101446,22042020  13:41:00,1010101444,1397787002,0,PendingSubmit,0.0,100.0,0.0,0.0
1010101446,22042020  13:41:00,1010101444,1397787002,0,PreSubmitted,0.0,100.0,0.0,0.0
1010101445,22042020  13:41:00,1010101444,1397787001,0,Submitted,0.0,100.0,0.0,0.0
1010101445,22042020  13:41:05,1010101444,1397787001,0,Submitted,0.0,100.0,0.0,0.0
1010101446,22042020  13:41:05,1010101444,1397787002,0,PendingSubmit,0.0,100.0,0.0,0.0
1010101446,22042020  13:41:05,1010101444,1397787002,0,PreSubmitted,0.0,100.0,0.0,0.0
1010101445,22042020  13:41:05,1010101444,1397787001,0,Submitted,0.0,100.0,0.0,0.0
1010101445,22042020  13:41:06,1010101444,1397787001,0,PendingSubmit,0.0,100.0,0.0,0.0
1010101446,22042020  13:41:06,1010101444,1397787002,0,PendingSubmit,0.0,100.0,0.0,0.0
1010101446,22042020  13:41:06,1010101444,1397787002,0,PreSubmitted,0.0,100.0,0.0,0.0
1010101445,22042020  13:41:06,1010101444,1397787001,0,Submitted,0.0,100.0,0.0,0.0
1010101445,22042020  13:41:06,1010101444,1397787001,0,Submitted,0.0,100.0,0.0,0.0
1010101446,22042020  13:41:06,1010101444,1397787002,0,PreSubmitted,0.0,100.0,0.0,0.0
1010101446,22042020  13:41:10,1010101444,1397787002,0,PreSubmitted,0.0,100.0,0.0,0.0
1010101445,22042020  13:41:10,1010101444,1397787001,0,Submitted,0.0,100.0,0.0,0.0
1010101445,22042020  13:41:10,1010101444,1397787001,0,Submitted,0.0,100.0,0.0,0.0
1010101446,22042020  13:41:10,1010101444,1397787002,0,PreSubmitted,0.0,100.0,0.0,0.0
1010101445,22042020  13:41:11,1010101444,1397787001,0,Submitted,0.0,100.0,0.0,0.0
1010101446,22042020  13:41:11,1010101444,1397787002,0,PreSubmitted,0.0,100.0,0.0,0.0
1010101445,22042020  13:41:14,1010101444,1397787001,0,Submitted,0.0,100.0,0.0,0.0
1010101446,22042020  13:41:14,1010101444,1397787002,0,PreSubmitted,0.0,100.0,0.0,0.0
1010101445,22042020  13:41:15,1010101444,1397787001,0,Submitted,0.0,100.0,0.0,0.0
1010101446,22042020  13:41:15,1010101444,1397787002,0,PendingSubmit,0.0,100.0,0.0,0.0
1010101446,22042020  13:41:15,1010101444,1397787002,0,PendingSubmit,0.0,100.0,0.0,0.0
1010101445,22042020  13:41:15,1010101444,1397787001,0,PendingSubmit,0.0,100.0,0.0,0.0
1010101446,22042020  13:41:15,1010101444,1397787002,0,PendingSubmit,0.0,100.0,0.0,0.0
1010101445,22042020  13:41:15,1010101444,1397787001,0,PendingSubmit,0.0,100.0,0.0,0.0
1010101446,22042020  13:41:15,1010101444,1397787002,0,PendingSubmit,0.0,100.0,0.0,0.0
1010101445,22042020  13:41:15,1010101444,1397787001,0,PendingSubmit,0.0,100.0,0.0,0.0
1010101446,22042020  13:41:15,1010101444,1397787002,0,PreSubmitted,0.0,100.0,0.0,0.0
1010101445,22042020  13:41:15,1010101444,1397787001,0,Submitted,0.0,100.0,0.0,0.0
1010101445,22042020  13:41:15,1010101444,1397787001,0,Submitted,0.0,100.0,0.0,0.0
1010101446,22042020  13:41:15,1010101444,1397787002,0,PreSubmitted,0.0,100.0,0.0,0.0
1010101445,22042020  13:41:19,1010101444,1397787001,0,Submitted,0.0,100.0,0.0,0.0
1010101446,22042020  13:41:19,1010101444,1397787002,0,PreSubmitted,0.0,100.0,0.0,0.0
1010101445,22042020  13:41:19,1010101444,1397787001,0,Submitted,0.0,100.0,0.0,0.0
1010101446,22042020  13:41:19,1010101444,1397787002,0,PendingSubmit,0.0,100.0,0.0,0.0
1010101446,22042020  13:41:19,1010101444,1397787002,0,PreSubmitted,0.0,100.0,0.0,0.0
1010101445,22042020  13:41:20,1010101444,1397787001,0,Submitted,0.0,100.0,0.0,0.0
1010101445,22042020  13:41:20,1010101444,1397787001,0,Submitted,0.0,100.0,0.0,0.0
1010101446,22042020  13:41:20,1010101444,1397787002,0,PendingSubmit,0.0,100.0,0.0,0.0
1010101446,22042020  13:41:20,1010101444,1397787002,0,PreSubmitted,0.0,100.0,0.0,0.0
1010101445,22042020  13:41:20,1010101444,1397787001,0,Submitted,0.0,100.0,0.0,0.0
1010101445,22042020  13:41:21,1010101444,1397787001,0,Submitted,0.0,100.0,0.0,0.0
1010101446,22042020  13:41:21,1010101444,1397787002,0,PreSubmitted,0.0,100.0,0.0,0.0
1010101445,22042020  13:41:21,1010101444,1397787001,0,PendingSubmit,0.0,100.0,0.0,0.0
1010101446,22042020  13:41:21,1010101444,1397787002,0,PendingSubmit,0.0,100.0,0.0,0.0
1010101446,22042020  13:41:22,1010101444,1397787002,0,PreSubmitted,0.0,100.0,0.0,0.0
1010101445,22042020  13:41:22,1010101444,1397787001,0,Submitted,0.0,100.0,0.0,0.0
1010101445,22042020  13:41:22,1010101444,1397787001,0,Submitted,0.0,100.0,0.0,0.0
1010101446,22042020  13:41:23,1010101444,1397787002,0,PreSubmitted,0.0,100.0,0.0,0.0
1010101445,22042020  13:41:23,1010101444,1397787001,0,PendingSubmit,0.0,100.0,0.0,0.0
1010101446,22042020  13:41:24,1010101444,1397787002,0,PendingSubmit,0.0,100.0,0.0,0.0
1010101446,22042020  13:41:24,1010101444,1397787002,0,PendingSubmit,0.0,100.0,0.0,0.0
1010101445,22042020  13:41:24,1010101444,1397787001,0,PendingSubmit,0.0,100.0,0.0,0.0
1010101445,22042020  13:41:24,1010101444,1397787001,0,PendingSubmit,0.0,100.0,0.0,0.0
1010101446,22042020  13:41:24,1010101444,1397787002,0,PendingSubmit,0.0,100.0,0.0,0.0
1010101446,22042020  13:41:24,1010101444,1397787002,0,PreSubmitted,0.0,100.0,0.0,0.0
1010101445,22042020  13:41:24,1010101444,1397787001,0,Submitted,0.0,100.0,0.0,0.0
1010101445,22042020  13:41:25,1010101444,1397787001,0,Submitted,0.0,100.0,0.0,0.0
1010101446,22042020  13:41:25,1010101444,1397787002,0,PreSubmitted,0.0,100.0,0.0,0.0
1010101445,22042020  13:41:26,1010101444,1397787001,0,Submitted,0.0,100.0,0.0,0.0
1010101446,22042020  13:41:26,1010101444,1397787002,0,PendingSubmit,0.0,100.0,0.0,0.0
1010101446,22042020  13:41:26,1010101444,1397787002,0,PreSubmitted,0.0,100.0,0.0,0.0
1010101445,22042020  13:41:26,1010101444,1397787001,0,PendingSubmit,0.0,100.0,0.0,0.0
1010101445,22042020  13:41:26,1010101444,1397787001,0,Submitted,0.0,100.0,0.0,0.0
1010101446,22042020  13:41:26,1010101444,1397787002,0,PreSubmitted,0.0,100.0,0.0,0.0
1010101445,22042020  13:41:30,1010101444,1397787001,0,Submitted,0.0,100.0,0.0,0.0
1010101446,22042020  13:41:30,1010101444,1397787002,0,PendingSubmit,0.0,100.0,0.0,0.0
1010101446,22042020  13:41:30,1010101444,1397787002,0,PreSubmitted,0.0,100.0,0.0,0.0
1010101445,22042020  13:41:30,1010101444,1397787001,0,Submitted,0.0,100.0,0.0,0.0
1010101445,22042020  13:41:32,1010101444,1397787001,0,PendingSubmit,0.0,100.0,0.0,0.0
1010101446,22042020  13:41:32,1010101444,1397787002,0,PendingSubmit,0.0,100.0,0.0,0.0
1010101445,22042020  13:41:32,1010101444,1397787001,0,Submitted,0.0,100.0,0.0,0.0
1010101446,22042020  13:41:32,1010101444,1397787002,0,PendingSubmit,0.0,100.0,0.0,0.0
1010101445,22042020  13:41:32,1010101444,1397787001,0,Submitted,0.0,100.0,0.0,0.0
1010101446,22042020  13:41:32,1010101444,1397787002,0,PreSubmitted,0.0,100.0,0.0,0.0
1010101445,22042020  13:41:33,1010101444,1397787001,0,PendingSubmit,0.0,100.0,0.0,0.0
1010101446,22042020  13:41:33,1010101444,1397787002,0,PendingSubmit,0.0,100.0,0.0,0.0
1010101446,22042020  13:41:33,1010101444,1397787002,0,PreSubmitted,0.0,100.0,0.0,0.0
1010101445,22042020  13:41:33,1010101444,1397787001,0,Submitted,0.0,100.0,0.0,0.0
1010101445,22042020  13:41:33,1010101444,1397787001,0,PendingSubmit,0.0,100.0,0.0,0.0
1010101446,22042020  13:41:33,1010101444,1397787002,0,PendingSubmit,0.0,100.0,0.0,0.0
1010101446,22042020  13:41:33,1010101444,1397787002,0,PreSubmitted,0.0,100.0,0.0,0.0
1010101445,22042020  13:41:33,1010101444,1397787001,0,Submitted,0.0,100.0,0.0,0.0
1010101445,22042020  13:41:34,1010101444,1397787001,0,Submitted,0.0,100.0,0.0,0.0
1010101446,22042020  13:41:34,1010101444,1397787002,0,PendingSubmit,0.0,100.0,0.0,0.0
1010101446,22042020  13:41:34,1010101444,1397787002,0,PreSubmitted,0.0,100.0,0.0,0.0
1010101445,22042020  13:41:34,1010101444,1397787001,0,Submitted,0.0,100.0,0.0,0.0
1010101445,22042020  13:41:40,1010101444,1397787001,0,Submitted,0.0,100.0,0.0,0.0
1010101446,22042020  13:41:40,1010101444,1397787002,0,PendingSubmit,0.0,100.0,0.0,0.0
1010101446,22042020  13:41:40,1010101444,1397787002,0,PendingSubmit,0.0,100.0,0.0,0.0
1010101446,22042020  13:41:40,1010101444,1397787002,0,PreSubmitted,0.0,100.0,0.0,0.0
1010101445,22042020  13:41:40,1010101444,1397787001,0,PendingSubmit,0.0,100.0,0.0,0.0
1010101445,22042020  13:41:40,1010101444,1397787001,0,Submitted,0.0,100.0,0.0,0.0
1010101445,22042020  13:41:40,1010101444,1397787001,0,Submitted,0.0,100.0,0.0,0.0
1010101446,22042020  13:41:40,1010101444,1397787002,0,PreSubmitted,0.0,100.0,0.0,0.0
1010101445,22042020  13:41:45,1010101444,1397787001,0,Submitted,0.0,100.0,0.0,0.0
1010101446,22042020  13:41:45,1010101444,1397787002,0,PendingSubmit,0.0,100.0,0.0,0.0
1010101446,22042020  13:41:45,1010101444,1397787002,0,PreSubmitted,0.0,100.0,0.0,0.0
1010101445,22042020  13:41:45,1010101444,1397787001,0,Submitted,0.0,100.0,0.0,0.0
