1,20200723  09:39:02,385.18,385.145,385.165,385.155
1,20200723  09:39:03,385.16,385.155,385.155,385.155
1,20200723  09:39:04,385.195,385.155,385.155,385.17
1,20200723  09:39:05,385.19,385.155,385.17,385.165
1,20200723  09:39:06,385.165,385.15,385.165,385.16
1,20200723  09:39:07,385.18,385.16,385.16,385.17
1,20200723  09:39:08,385.17,385.16,385.17,385.16
1,20200723  09:39:09,385.16,385.12,385.16,385.125
1,20200723  09:39:10,385.15,385.12,385.125,385.125
1,20200723  09:39:11,385.13,385.125,385.125,385.13
1,20200723  09:39:12,385.13,385.025,385.13,385.03
1,20200723  09:39:13,385.03,385.005,385.03,385.03
1,20200723  09:39:14,385.03,385.005,385.03,385.025
1,20200723  09:39:15,385.04,385.025,385.025,385.03
1,20200723  09:39:16,385.04,385.03,385.03,385.03
1,20200723  09:39:17,385.05,385.03,385.03,385.05
1,20200723  09:39:18,385.125,385.05,385.05,385.125
1,20200723  09:39:19,385.165,385.125,385.125,385.13
1,20200723  09:39:20,385.13,385.125,385.13,385.125
1,20200723  09:39:21,385.125,385.09,385.125,385.1
1,20200723  09:39:22,385.105,385.085,385.1,385.085
1,20200723  09:39:23,385.085,385.07,385.085,385.075
1,20200723  09:39:24,385.075,385.07,385.075,385.07
1,20200723  09:39:25,385.075,385.07,385.07,385.07
1,20200723  09:39:26,385.07,385.015,385.07,385.015
1,20200723  09:39:27,385.015,384.97,385.015,384.97
1,20200723  09:39:28,384.97,384.955,384.97,384.965
1,20200723  09:39:29,384.965,384.945,384.965,384.945
1,20200723  09:39:30,384.98,384.945,384.945,384.98
1,20200723  09:39:31,384.98,384.86,384.98,384.865
1,20200723  09:39:32,384.88,384.865,384.865,384.865
1,20200723  09:39:33,384.865,384.86,384.865,384.865
1,20200723  09:39:34,384.865,384.86,384.865,384.86
1,20200723  09:39:35,384.88,384.86,384.86,384.88
1,20200723  09:39:36,384.88,384.865,384.88,384.88
1,20200723  09:39:37,384.89,384.87,384.88,384.87
1,20200723  09:39:38,384.885,384.87,384.87,384.87
1,20200723  09:39:39,384.87,384.835,384.87,384.85
1,20200723  09:39:40,384.85,384.785,384.85,384.795
1,20200723  09:39:41,384.81,384.795,384.795,384.81
1,20200723  09:39:42,384.81,384.8,384.81,384.8
1,20200723  09:39:43,384.8,384.78,384.8,384.795
1,20200723  09:39:44,384.815,384.795,384.795,384.815
1,20200723  09:39:45,384.815,384.805,384.815,384.805
1,20200723  09:39:46,384.805,384.785,384.805,384.785
1,20200723  09:39:47,384.79,384.785,384.785,384.79
1,20200723  09:39:48,384.79,384.785,384.79,384.785
1,20200723  09:39:49,384.785,384.765,384.785,384.765
1,20200723  09:39:50,384.785,384.765,384.765,384.77
1,20200723  09:39:51,384.77,384.705,384.77,384.715
1,20200723  09:39:52,384.715,384.715,384.715,384.715
1,20200723  09:39:53,384.715,384.695,384.715,384.705
1,20200723  09:39:54,384.865,384.705,384.705,384.86
1,20200723  09:39:55,384.86,384.82,384.86,384.82
1,20200723  09:39:56,384.83,384.82,384.82,384.82
1,20200723  09:39:57,384.82,384.765,384.82,384.765
1,20200723  09:39:58,384.785,384.765,384.765,384.785
1,20200723  09:39:59,384.815,384.785,384.785,384.805
1,20200723  09:40:00,384.95,384.805,384.805,384.915
1,20200723  09:40:01,384.935,384.915,384.915,384.915
A1,20200723  09:40:00,384.95,384.805,384.805,384.895
A1,20200723  09:40:05,385.08,384.895,384.895,385.055
A1,20200723  09:40:10,385.355,385.055,385.055,385.295
