104,27042020  13:30:10,0,704061471,0,PreSubmitted,0.0,10.0,0.0,0.0
105,27042020  13:30:10,104,704061472,0,PreSubmitted,0.0,10.0,0.0,0.0
105,27042020  13:30:10,104,704061472,0,PreSubmitted,0.0,10.0,0.0,0.0
105,27042020  13:30:10,104,704061472,0,PreSubmitted,0.0,10.0,0.0,0.0
104,27042020  13:30:10,0,704061471,0,Submitted,0.0,10.0,0.0,0.0
106,27042020  13:30:10,104,704061473,0,PreSubmitted,0.0,10.0,0.0,0.0
106,27042020  13:30:10,104,704061473,0,PreSubmitted,0.0,10.0,0.0,0.0
105,27042020  13:30:11,104,704061472,0,PreSubmitted,0.0,10.0,0.0,0.0
106,27042020  13:30:11,104,704061473,0,PreSubmitted,0.0,10.0,0.0,0.0
105,27042020  13:30:15,104,704061472,0,PreSubmitted,0.0,10.0,0.0,0.0
106,27042020  13:30:15,104,704061473,0,PreSubmitted,0.0,10.0,0.0,0.0
105,27042020  13:30:17,104,704061472,0,PreSubmitted,0.0,10.0,0.0,0.0
106,27042020  13:30:17,104,704061473,0,PreSubmitted,0.0,10.0,0.0,0.0
105,27042020  13:30:20,104,704061472,0,PreSubmitted,0.0,10.0,0.0,0.0
106,27042020  13:30:20,104,704061473,0,PreSubmitted,0.0,10.0,0.0,0.0
105,27042020  13:30:21,104,704061472,0,PreSubmitted,0.0,10.0,0.0,0.0
106,27042020  13:30:21,104,704061473,0,PreSubmitted,0.0,10.0,0.0,0.0
105,27042020  13:30:25,104,704061472,0,PreSubmitted,0.0,10.0,0.0,0.0
106,27042020  13:30:25,104,704061473,0,PreSubmitted,0.0,10.0,0.0,0.0
105,27042020  13:30:26,104,704061472,0,PreSubmitted,0.0,10.0,0.0,0.0
106,27042020  13:30:26,104,704061473,0,PreSubmitted,0.0,10.0,0.0,0.0
105,27042020  13:30:30,104,704061472,0,PreSubmitted,0.0,10.0,0.0,0.0
106,27042020  13:30:30,104,704061473,0,PendingSubmit,0.0,10.0,0.0,0.0
105,27042020  13:30:30,104,704061472,0,PreSubmitted,0.0,10.0,0.0,0.0
106,27042020  13:30:30,104,704061473,0,PreSubmitted,0.0,10.0,0.0,0.0
105,27042020  13:30:35,104,704061472,0,PreSubmitted,0.0,10.0,0.0,0.0
106,27042020  13:30:35,104,704061473,0,PreSubmitted,0.0,10.0,0.0,0.0
105,27042020  13:30:36,104,704061472,0,PreSubmitted,0.0,10.0,0.0,0.0
106,27042020  13:30:36,104,704061473,0,PreSubmitted,0.0,10.0,0.0,0.0
105,27042020  13:30:40,104,704061472,0,PreSubmitted,0.0,10.0,0.0,0.0
106,27042020  13:30:40,104,704061473,0,PendingSubmit,0.0,10.0,0.0,0.0
105,27042020  13:30:40,104,704061472,0,PreSubmitted,0.0,10.0,0.0,0.0
106,27042020  13:30:40,104,704061473,0,PreSubmitted,0.0,10.0,0.0,0.0
105,27042020  13:30:45,104,704061472,0,PendingSubmit,0.0,10.0,0.0,0.0
106,27042020  13:30:45,104,704061473,0,PendingSubmit,0.0,10.0,0.0,0.0
105,27042020  13:30:45,104,704061472,0,PreSubmitted,0.0,10.0,0.0,0.0
106,27042020  13:30:45,104,704061473,0,PreSubmitted,0.0,10.0,0.0,0.0
105,27042020  13:30:50,104,704061472,0,PreSubmitted,0.0,10.0,0.0,0.0
106,27042020  13:30:50,104,704061473,0,PreSubmitted,0.0,10.0,0.0,0.0
105,27042020  13:30:50,104,704061472,0,PreSubmitted,0.0,10.0,0.0,0.0
106,27042020  13:30:51,104,704061473,0,PreSubmitted,0.0,10.0,0.0,0.0
105,27042020  13:30:55,104,704061472,0,PreSubmitted,0.0,10.0,0.0,0.0
106,27042020  13:30:55,104,704061473,0,PreSubmitted,0.0,10.0,0.0,0.0
105,27042020  13:30:55,104,704061472,0,PreSubmitted,0.0,10.0,0.0,0.0
106,27042020  13:30:55,104,704061473,0,PreSubmitted,0.0,10.0,0.0,0.0
105,27042020  13:31:00,104,704061472,0,PreSubmitted,0.0,10.0,0.0,0.0
106,27042020  13:31:00,104,704061473,0,PreSubmitted,0.0,10.0,0.0,0.0
105,27042020  13:31:01,104,704061472,0,PreSubmitted,0.0,10.0,0.0,0.0
106,27042020  13:31:01,104,704061473,0,PreSubmitted,0.0,10.0,0.0,0.0
105,27042020  13:31:03,104,704061472,0,PreSubmitted,0.0,10.0,0.0,0.0
106,27042020  13:31:03,104,704061473,0,PreSubmitted,0.0,10.0,0.0,0.0
105,27042020  13:31:05,104,704061472,0,PreSubmitted,0.0,10.0,0.0,0.0
106,27042020  13:31:05,104,704061473,0,PreSubmitted,0.0,10.0,0.0,0.0
105,27042020  13:31:06,104,704061472,0,PreSubmitted,0.0,10.0,0.0,0.0
106,27042020  13:31:06,104,704061473,0,PreSubmitted,0.0,10.0,0.0,0.0
105,27042020  13:31:10,104,704061472,0,PreSubmitted,0.0,10.0,0.0,0.0
106,27042020  13:31:10,104,704061473,0,PreSubmitted,0.0,10.0,0.0,0.0
105,27042020  13:31:10,104,704061472,0,PreSubmitted,0.0,10.0,0.0,0.0
106,27042020  13:31:10,104,704061473,0,PreSubmitted,0.0,10.0,0.0,0.0
105,27042020  13:31:15,104,704061472,0,PreSubmitted,0.0,10.0,0.0,0.0
106,27042020  13:31:15,104,704061473,0,PreSubmitted,0.0,10.0,0.0,0.0
105,27042020  13:31:16,104,704061472,0,PreSubmitted,0.0,10.0,0.0,0.0
106,27042020  13:31:16,104,704061473,0,PreSubmitted,0.0,10.0,0.0,0.0
105,27042020  13:31:20,104,704061472,0,PendingSubmit,0.0,10.0,0.0,0.0
106,27042020  13:31:20,104,704061473,0,PendingSubmit,0.0,10.0,0.0,0.0
105,27042020  13:31:20,104,704061472,0,PreSubmitted,0.0,10.0,0.0,0.0
106,27042020  13:31:20,104,704061473,0,PreSubmitted,0.0,10.0,0.0,0.0
105,27042020  13:31:25,104,704061472,0,PreSubmitted,0.0,10.0,0.0,0.0
106,27042020  13:31:25,104,704061473,0,PreSubmitted,0.0,10.0,0.0,0.0
105,27042020  13:31:25,104,704061472,0,PreSubmitted,0.0,10.0,0.0,0.0
106,27042020  13:31:25,104,704061473,0,PreSubmitted,0.0,10.0,0.0,0.0
105,27042020  13:31:30,104,704061472,0,PreSubmitted,0.0,10.0,0.0,0.0
106,27042020  13:31:30,104,704061473,0,PreSubmitted,0.0,10.0,0.0,0.0
105,27042020  13:31:31,104,704061472,0,PreSubmitted,0.0,10.0,0.0,0.0
106,27042020  13:31:31,104,704061473,0,PreSubmitted,0.0,10.0,0.0,0.0
105,27042020  13:31:35,104,704061472,0,PreSubmitted,0.0,10.0,0.0,0.0
106,27042020  13:31:35,104,704061473,0,PreSubmitted,0.0,10.0,0.0,0.0
105,27042020  13:31:35,104,704061472,0,PreSubmitted,0.0,10.0,0.0,0.0
106,27042020  13:31:36,104,704061473,0,PreSubmitted,0.0,10.0,0.0,0.0
105,27042020  13:31:40,104,704061472,0,PreSubmitted,0.0,10.0,0.0,0.0
106,27042020  13:31:40,104,704061473,0,PreSubmitted,0.0,10.0,0.0,0.0
105,27042020  13:31:41,104,704061472,0,PreSubmitted,0.0,10.0,0.0,0.0
106,27042020  13:31:41,104,704061473,0,PreSubmitted,0.0,10.0,0.0,0.0
105,27042020  13:31:45,104,704061472,0,PreSubmitted,0.0,10.0,0.0,0.0
106,27042020  13:31:45,104,704061473,0,PreSubmitted,0.0,10.0,0.0,0.0
105,27042020  13:31:45,104,704061472,0,PreSubmitted,0.0,10.0,0.0,0.0
106,27042020  13:31:46,104,704061473,0,PreSubmitted,0.0,10.0,0.0,0.0
105,27042020  13:31:50,104,704061472,0,PreSubmitted,0.0,10.0,0.0,0.0
106,27042020  13:31:50,104,704061473,0,PreSubmitted,0.0,10.0,0.0,0.0
105,27042020  13:31:50,104,704061472,0,PreSubmitted,0.0,10.0,0.0,0.0
106,27042020  13:31:51,104,704061473,0,PreSubmitted,0.0,10.0,0.0,0.0
105,27042020  13:31:55,104,704061472,0,PreSubmitted,0.0,10.0,0.0,0.0
106,27042020  13:31:55,104,704061473,0,PreSubmitted,0.0,10.0,0.0,0.0
105,27042020  13:31:56,104,704061472,0,PreSubmitted,0.0,10.0,0.0,0.0
106,27042020  13:31:56,104,704061473,0,PreSubmitted,0.0,10.0,0.0,0.0
105,27042020  13:32:00,104,704061472,0,PreSubmitted,0.0,10.0,0.0,0.0
106,27042020  13:32:00,104,704061473,0,PreSubmitted,0.0,10.0,0.0,0.0
105,27042020  13:32:01,104,704061472,0,PreSubmitted,0.0,10.0,0.0,0.0
106,27042020  13:32:01,104,704061473,0,PreSubmitted,0.0,10.0,0.0,0.0
