79,27042020  12:54:14,77,1545012255,0,Submitted,0.0,10.0,0.0,0.0
78,27042020  12:54:14,77,1545012254,0,Submitted,0.0,10.0,0.0,0.0
76,27042020  12:54:14,74,1545012251,0,Submitted,0.0,10.0,0.0,0.0
75,27042020  12:54:14,74,1545012250,0,Submitted,0.0,10.0,0.0,0.0
80,27042020  12:54:17,0,1545012256,0,PreSubmitted,0.0,10.0,0.0,0.0
81,27042020  12:54:17,80,1545012257,0,PreSubmitted,0.0,10.0,0.0,0.0
81,27042020  12:54:17,80,1545012257,0,PreSubmitted,0.0,10.0,0.0,0.0
81,27042020  12:54:17,80,1545012257,0,PreSubmitted,0.0,10.0,0.0,0.0
82,27042020  12:54:17,80,1545012258,0,PreSubmitted,0.0,10.0,0.0,0.0
82,27042020  12:54:17,80,1545012258,0,PreSubmitted,0.0,10.0,0.0,0.0
80,27042020  12:54:18,0,1545012256,0,Submitted,0.0,10.0,0.0,0.0
81,27042020  12:54:19,80,1545012257,0,PreSubmitted,0.0,10.0,0.0,0.0
82,27042020  12:54:19,80,1545012258,0,PreSubmitted,0.0,10.0,0.0,0.0
81,27042020  12:54:20,80,1545012257,0,PreSubmitted,0.0,10.0,0.0,0.0
82,27042020  12:54:20,80,1545012258,0,PendingSubmit,0.0,10.0,0.0,0.0
81,27042020  12:54:20,80,1545012257,0,PreSubmitted,0.0,10.0,0.0,0.0
82,27042020  12:54:20,80,1545012258,0,PreSubmitted,0.0,10.0,0.0,0.0
81,27042020  12:54:20,80,1545012257,0,PreSubmitted,0.0,10.0,0.0,0.0
82,27042020  12:54:21,80,1545012258,0,PreSubmitted,0.0,10.0,0.0,0.0
81,27042020  12:54:21,80,1545012257,0,PreSubmitted,0.0,10.0,0.0,0.0
82,27042020  12:54:21,80,1545012258,0,PreSubmitted,0.0,10.0,0.0,0.0
81,27042020  12:54:24,80,1545012257,0,PreSubmitted,0.0,10.0,0.0,0.0
82,27042020  12:54:24,80,1545012258,0,PreSubmitted,0.0,10.0,0.0,0.0
81,27042020  12:54:26,80,1545012257,0,PreSubmitted,0.0,10.0,0.0,0.0
82,27042020  12:54:26,80,1545012258,0,PreSubmitted,0.0,10.0,0.0,0.0
81,27042020  12:54:26,80,1545012257,0,PreSubmitted,0.0,10.0,0.0,0.0
82,27042020  12:54:26,80,1545012258,0,PreSubmitted,0.0,10.0,0.0,0.0
81,27042020  12:54:29,80,1545012257,0,PreSubmitted,0.0,10.0,0.0,0.0
82,27042020  12:54:30,80,1545012258,0,PreSubmitted,0.0,10.0,0.0,0.0
81,27042020  12:54:30,80,1545012257,0,PreSubmitted,0.0,10.0,0.0,0.0
82,27042020  12:54:30,80,1545012258,0,PendingSubmit,0.0,10.0,0.0,0.0
81,27042020  12:54:30,80,1545012257,0,PreSubmitted,0.0,10.0,0.0,0.0
82,27042020  12:54:31,80,1545012258,0,PreSubmitted,0.0,10.0,0.0,0.0
81,27042020  12:54:31,80,1545012257,0,PreSubmitted,0.0,10.0,0.0,0.0
82,27042020  12:54:31,80,1545012258,0,PreSubmitted,0.0,10.0,0.0,0.0
81,27042020  12:54:35,80,1545012257,0,PreSubmitted,0.0,10.0,0.0,0.0
82,27042020  12:54:35,80,1545012258,0,PreSubmitted,0.0,10.0,0.0,0.0
81,27042020  12:54:36,80,1545012257,0,PreSubmitted,0.0,10.0,0.0,0.0
82,27042020  12:54:36,80,1545012258,0,PreSubmitted,0.0,10.0,0.0,0.0
81,27042020  12:54:39,80,1545012257,0,PreSubmitted,0.0,10.0,0.0,0.0
82,27042020  12:54:39,80,1545012258,0,PreSubmitted,0.0,10.0,0.0,0.0
81,27042020  12:54:41,80,1545012257,0,PreSubmitted,0.0,10.0,0.0,0.0
82,27042020  12:54:41,80,1545012258,0,PreSubmitted,0.0,10.0,0.0,0.0
81,27042020  12:54:41,80,1545012257,0,PreSubmitted,0.0,10.0,0.0,0.0
82,27042020  12:54:41,80,1545012258,0,PreSubmitted,0.0,10.0,0.0,0.0
81,27042020  12:54:41,80,1545012257,0,PreSubmitted,0.0,10.0,0.0,0.0
82,27042020  12:54:42,80,1545012258,0,PreSubmitted,0.0,10.0,0.0,0.0
81,27042020  12:54:43,80,1545012257,0,PreSubmitted,0.0,10.0,0.0,0.0
82,27042020  12:54:43,80,1545012258,0,PreSubmitted,0.0,10.0,0.0,0.0
81,27042020  12:54:45,80,1545012257,0,PendingSubmit,0.0,10.0,0.0,0.0
82,27042020  12:54:45,80,1545012258,0,PendingSubmit,0.0,10.0,0.0,0.0
81,27042020  12:54:45,80,1545012257,0,PreSubmitted,0.0,10.0,0.0,0.0
82,27042020  12:54:45,80,1545012258,0,PreSubmitted,0.0,10.0,0.0,0.0
81,27042020  12:54:51,80,1545012257,0,PreSubmitted,0.0,10.0,0.0,0.0
82,27042020  12:54:51,80,1545012258,0,PreSubmitted,0.0,10.0,0.0,0.0
81,27042020  12:54:51,80,1545012257,0,PreSubmitted,0.0,10.0,0.0,0.0
82,27042020  12:54:51,80,1545012258,0,PreSubmitted,0.0,10.0,0.0,0.0
81,27042020  12:54:52,80,1545012257,0,PreSubmitted,0.0,10.0,0.0,0.0
82,27042020  12:54:52,80,1545012258,0,PreSubmitted,0.0,10.0,0.0,0.0
81,27042020  12:54:56,80,1545012257,0,PreSubmitted,0.0,10.0,0.0,0.0
82,27042020  12:54:56,80,1545012258,0,PreSubmitted,0.0,10.0,0.0,0.0
81,27042020  12:54:56,80,1545012257,0,PreSubmitted,0.0,10.0,0.0,0.0
82,27042020  12:54:56,80,1545012258,0,PreSubmitted,0.0,10.0,0.0,0.0
81,27042020  12:54:57,80,1545012257,0,PreSubmitted,0.0,10.0,0.0,0.0
82,27042020  12:54:57,80,1545012258,0,PreSubmitted,0.0,10.0,0.0,0.0
81,27042020  12:54:58,80,1545012257,0,PreSubmitted,0.0,10.0,0.0,0.0
82,27042020  12:54:58,80,1545012258,0,PreSubmitted,0.0,10.0,0.0,0.0
81,27042020  12:54:59,80,1545012257,0,PreSubmitted,0.0,10.0,0.0,0.0
82,27042020  12:54:59,80,1545012258,0,PreSubmitted,0.0,10.0,0.0,0.0
81,27042020  12:55:00,80,1545012257,0,PreSubmitted,0.0,10.0,0.0,0.0
82,27042020  12:55:00,80,1545012258,0,PreSubmitted,0.0,10.0,0.0,0.0
81,27042020  12:55:01,80,1545012257,0,PreSubmitted,0.0,10.0,0.0,0.0
82,27042020  12:55:01,80,1545012258,0,PreSubmitted,0.0,10.0,0.0,0.0
81,27042020  12:55:01,80,1545012257,0,PreSubmitted,0.0,10.0,0.0,0.0
82,27042020  12:55:01,80,1545012258,0,PreSubmitted,0.0,10.0,0.0,0.0
81,27042020  12:55:03,80,1545012257,0,PreSubmitted,0.0,10.0,0.0,0.0
82,27042020  12:55:03,80,1545012258,0,PreSubmitted,0.0,10.0,0.0,0.0
81,27042020  12:55:05,80,1545012257,0,PreSubmitted,0.0,10.0,0.0,0.0
82,27042020  12:55:05,80,1545012258,0,PendingSubmit,0.0,10.0,0.0,0.0
81,27042020  12:55:05,80,1545012257,0,PreSubmitted,0.0,10.0,0.0,0.0
82,27042020  12:55:05,80,1545012258,0,PreSubmitted,0.0,10.0,0.0,0.0
81,27042020  12:55:06,80,1545012257,0,PendingSubmit,0.0,10.0,0.0,0.0
82,27042020  12:55:06,80,1545012258,0,PendingSubmit,0.0,10.0,0.0,0.0
81,27042020  12:55:06,80,1545012257,0,PreSubmitted,0.0,10.0,0.0,0.0
82,27042020  12:55:06,80,1545012258,0,PreSubmitted,0.0,10.0,0.0,0.0
81,27042020  12:55:06,80,1545012257,0,PreSubmitted,0.0,10.0,0.0,0.0
82,27042020  12:55:06,80,1545012258,0,PreSubmitted,0.0,10.0,0.0,0.0
81,27042020  12:55:07,80,1545012257,0,PreSubmitted,0.0,10.0,0.0,0.0
82,27042020  12:55:07,80,1545012258,0,PreSubmitted,0.0,10.0,0.0,0.0
81,27042020  12:55:07,80,1545012257,0,PreSubmitted,0.0,10.0,0.0,0.0
82,27042020  12:55:07,80,1545012258,0,PreSubmitted,0.0,10.0,0.0,0.0
81,27042020  12:55:08,80,1545012257,0,PreSubmitted,0.0,10.0,0.0,0.0
82,27042020  12:55:08,80,1545012258,0,PreSubmitted,0.0,10.0,0.0,0.0
81,27042020  12:55:09,80,1545012257,0,PreSubmitted,0.0,10.0,0.0,0.0
82,27042020  12:55:09,80,1545012258,0,PreSubmitted,0.0,10.0,0.0,0.0
81,27042020  12:55:10,80,1545012257,0,PreSubmitted,0.0,10.0,0.0,0.0
82,27042020  12:55:10,80,1545012258,0,PreSubmitted,0.0,10.0,0.0,0.0
81,27042020  12:55:10,80,1545012257,0,PreSubmitted,0.0,10.0,0.0,0.0
82,27042020  12:55:10,80,1545012258,0,PreSubmitted,0.0,10.0,0.0,0.0
81,27042020  12:55:10,80,1545012257,0,PendingSubmit,0.0,10.0,0.0,0.0
82,27042020  12:55:11,80,1545012258,0,PendingSubmit,0.0,10.0,0.0,0.0
81,27042020  12:55:11,80,1545012257,0,PreSubmitted,0.0,10.0,0.0,0.0
82,27042020  12:55:11,80,1545012258,0,PreSubmitted,0.0,10.0,0.0,0.0
81,27042020  12:55:11,80,1545012257,0,PendingSubmit,0.0,10.0,0.0,0.0
82,27042020  12:55:11,80,1545012258,0,PendingSubmit,0.0,10.0,0.0,0.0
81,27042020  12:55:11,80,1545012257,0,PreSubmitted,0.0,10.0,0.0,0.0
82,27042020  12:55:11,80,1545012258,0,PreSubmitted,0.0,10.0,0.0,0.0
81,27042020  12:55:12,80,1545012257,0,PreSubmitted,0.0,10.0,0.0,0.0
82,27042020  12:55:12,80,1545012258,0,PreSubmitted,0.0,10.0,0.0,0.0
81,27042020  12:55:15,80,1545012257,0,PreSubmitted,0.0,10.0,0.0,0.0
82,27042020  12:55:15,80,1545012258,0,PreSubmitted,0.0,10.0,0.0,0.0
81,27042020  12:55:15,80,1545012257,0,PreSubmitted,0.0,10.0,0.0,0.0
82,27042020  12:55:15,80,1545012258,0,PendingSubmit,0.0,10.0,0.0,0.0
81,27042020  12:55:15,80,1545012257,0,PreSubmitted,0.0,10.0,0.0,0.0
82,27042020  12:55:15,80,1545012258,0,PreSubmitted,0.0,10.0,0.0,0.0
81,27042020  12:55:16,80,1545012257,0,PreSubmitted,0.0,10.0,0.0,0.0
82,27042020  12:55:16,80,1545012258,0,PreSubmitted,0.0,10.0,0.0,0.0
81,27042020  12:55:16,80,1545012257,0,PreSubmitted,0.0,10.0,0.0,0.0
82,27042020  12:55:16,80,1545012258,0,PreSubmitted,0.0,10.0,0.0,0.0
81,27042020  12:55:17,80,1545012257,0,PreSubmitted,0.0,10.0,0.0,0.0
82,27042020  12:55:18,80,1545012258,0,PreSubmitted,0.0,10.0,0.0,0.0
81,27042020  12:55:18,80,1545012257,0,PreSubmitted,0.0,10.0,0.0,0.0
82,27042020  12:55:19,80,1545012258,0,PreSubmitted,0.0,10.0,0.0,0.0
81,27042020  12:55:19,80,1545012257,0,PreSubmitted,0.0,10.0,0.0,0.0
82,27042020  12:55:19,80,1545012258,0,PreSubmitted,0.0,10.0,0.0,0.0
81,27042020  12:55:21,80,1545012257,0,PreSubmitted,0.0,10.0,0.0,0.0
82,27042020  12:55:21,80,1545012258,0,PreSubmitted,0.0,10.0,0.0,0.0
81,27042020  12:55:21,80,1545012257,0,PreSubmitted,0.0,10.0,0.0,0.0
82,27042020  12:55:21,80,1545012258,0,PreSubmitted,0.0,10.0,0.0,0.0
81,27042020  12:55:23,80,1545012257,0,PreSubmitted,0.0,10.0,0.0,0.0
82,27042020  12:55:23,80,1545012258,0,PreSubmitted,0.0,10.0,0.0,0.0
81,27042020  12:55:26,80,1545012257,0,PreSubmitted,0.0,10.0,0.0,0.0
82,27042020  12:55:26,80,1545012258,0,PreSubmitted,0.0,10.0,0.0,0.0
81,27042020  12:55:26,80,1545012257,0,PreSubmitted,0.0,10.0,0.0,0.0
82,27042020  12:55:26,80,1545012258,0,PreSubmitted,0.0,10.0,0.0,0.0
81,27042020  12:55:26,80,1545012257,0,PreSubmitted,0.0,10.0,0.0,0.0
82,27042020  12:55:26,80,1545012258,0,PreSubmitted,0.0,10.0,0.0,0.0
81,27042020  12:55:27,80,1545012257,0,PreSubmitted,0.0,10.0,0.0,0.0
82,27042020  12:55:27,80,1545012258,0,PreSubmitted,0.0,10.0,0.0,0.0
81,27042020  12:55:30,80,1545012257,0,PreSubmitted,0.0,10.0,0.0,0.0
82,27042020  12:55:30,80,1545012258,0,PreSubmitted,0.0,10.0,0.0,0.0
81,27042020  12:55:31,80,1545012257,0,PreSubmitted,0.0,10.0,0.0,0.0
82,27042020  12:55:31,80,1545012258,0,PreSubmitted,0.0,10.0,0.0,0.0
81,27042020  12:55:32,80,1545012257,0,PreSubmitted,0.0,10.0,0.0,0.0
82,27042020  12:55:32,80,1545012258,0,PreSubmitted,0.0,10.0,0.0,0.0
81,27042020  12:55:33,80,1545012257,0,PreSubmitted,0.0,10.0,0.0,0.0
82,27042020  12:55:33,80,1545012258,0,PreSubmitted,0.0,10.0,0.0,0.0
81,27042020  12:55:35,80,1545012257,0,PreSubmitted,0.0,10.0,0.0,0.0
82,27042020  12:55:35,80,1545012258,0,PreSubmitted,0.0,10.0,0.0,0.0
81,27042020  12:55:35,80,1545012257,0,PreSubmitted,0.0,10.0,0.0,0.0
82,27042020  12:55:35,80,1545012258,0,PreSubmitted,0.0,10.0,0.0,0.0
81,27042020  12:55:35,80,1545012257,0,PendingSubmit,0.0,10.0,0.0,0.0
82,27042020  12:55:35,80,1545012258,0,PendingSubmit,0.0,10.0,0.0,0.0
81,27042020  12:55:36,80,1545012257,0,PreSubmitted,0.0,10.0,0.0,0.0
82,27042020  12:55:36,80,1545012258,0,PreSubmitted,0.0,10.0,0.0,0.0
81,27042020  12:55:36,80,1545012257,0,PreSubmitted,0.0,10.0,0.0,0.0
82,27042020  12:55:36,80,1545012258,0,PreSubmitted,0.0,10.0,0.0,0.0
81,27042020  12:55:37,80,1545012257,0,PreSubmitted,0.0,10.0,0.0,0.0
82,27042020  12:55:37,80,1545012258,0,PreSubmitted,0.0,10.0,0.0,0.0
81,27042020  12:55:40,80,1545012257,0,PreSubmitted,0.0,10.0,0.0,0.0
82,27042020  12:55:40,80,1545012258,0,PreSubmitted,0.0,10.0,0.0,0.0
81,27042020  12:55:41,80,1545012257,0,PreSubmitted,0.0,10.0,0.0,0.0
82,27042020  12:55:41,80,1545012258,0,PreSubmitted,0.0,10.0,0.0,0.0
81,27042020  12:55:42,80,1545012257,0,PreSubmitted,0.0,10.0,0.0,0.0
82,27042020  12:55:43,80,1545012258,0,PreSubmitted,0.0,10.0,0.0,0.0
81,27042020  12:55:43,80,1545012257,0,PreSubmitted,0.0,10.0,0.0,0.0
82,27042020  12:55:43,80,1545012258,0,PreSubmitted,0.0,10.0,0.0,0.0
81,27042020  12:55:45,80,1545012257,0,PendingSubmit,0.0,10.0,0.0,0.0
82,27042020  12:55:46,80,1545012258,0,PendingSubmit,0.0,10.0,0.0,0.0
81,27042020  12:55:46,80,1545012257,0,PreSubmitted,0.0,10.0,0.0,0.0
82,27042020  12:55:46,80,1545012258,0,PreSubmitted,0.0,10.0,0.0,0.0
81,27042020  12:55:48,80,1545012257,0,PreSubmitted,0.0,10.0,0.0,0.0
82,27042020  12:55:48,80,1545012258,0,PreSubmitted,0.0,10.0,0.0,0.0
81,27042020  12:55:50,80,1545012257,0,PreSubmitted,0.0,10.0,0.0,0.0
82,27042020  12:55:50,80,1545012258,0,PreSubmitted,0.0,10.0,0.0,0.0
81,27042020  12:55:50,80,1545012257,0,PendingSubmit,0.0,10.0,0.0,0.0
82,27042020  12:55:51,80,1545012258,0,PendingSubmit,0.0,10.0,0.0,0.0
81,27042020  12:55:51,80,1545012257,0,PreSubmitted,0.0,10.0,0.0,0.0
82,27042020  12:55:51,80,1545012258,0,PreSubmitted,0.0,10.0,0.0,0.0
81,27042020  12:55:51,80,1545012257,0,PreSubmitted,0.0,10.0,0.0,0.0
82,27042020  12:55:51,80,1545012258,0,PreSubmitted,0.0,10.0,0.0,0.0
81,27042020  12:55:51,80,1545012257,0,PreSubmitted,0.0,10.0,0.0,0.0
82,27042020  12:55:51,80,1545012258,0,PreSubmitted,0.0,10.0,0.0,0.0
81,27042020  12:55:53,80,1545012257,0,PreSubmitted,0.0,10.0,0.0,0.0
82,27042020  12:55:53,80,1545012258,0,PreSubmitted,0.0,10.0,0.0,0.0
81,27042020  12:55:54,80,1545012257,0,PreSubmitted,0.0,10.0,0.0,0.0
82,27042020  12:55:54,80,1545012258,0,PreSubmitted,0.0,10.0,0.0,0.0
81,27042020  12:55:54,80,1545012257,0,PreSubmitted,0.0,10.0,0.0,0.0
82,27042020  12:55:54,80,1545012258,0,PreSubmitted,0.0,10.0,0.0,0.0
81,27042020  12:55:56,80,1545012257,0,PreSubmitted,0.0,10.0,0.0,0.0
82,27042020  12:55:56,80,1545012258,0,PendingSubmit,0.0,10.0,0.0,0.0
81,27042020  12:55:56,80,1545012257,0,PreSubmitted,0.0,10.0,0.0,0.0
82,27042020  12:55:56,80,1545012258,0,PreSubmitted,0.0,10.0,0.0,0.0
81,27042020  12:55:56,80,1545012257,0,PreSubmitted,0.0,10.0,0.0,0.0
82,27042020  12:55:56,80,1545012258,0,PreSubmitted,0.0,10.0,0.0,0.0
81,27042020  12:55:58,80,1545012257,0,PreSubmitted,0.0,10.0,0.0,0.0
82,27042020  12:55:58,80,1545012258,0,PreSubmitted,0.0,10.0,0.0,0.0
81,27042020  12:55:59,80,1545012257,0,PreSubmitted,0.0,10.0,0.0,0.0
82,27042020  12:55:59,80,1545012258,0,PreSubmitted,0.0,10.0,0.0,0.0
81,27042020  12:56:01,80,1545012257,0,PendingSubmit,0.0,10.0,0.0,0.0
82,27042020  12:56:01,80,1545012258,0,PendingSubmit,0.0,10.0,0.0,0.0
81,27042020  12:56:01,80,1545012257,0,PendingSubmit,0.0,10.0,0.0,0.0
82,27042020  12:56:01,80,1545012258,0,PendingSubmit,0.0,10.0,0.0,0.0
81,27042020  12:56:01,80,1545012257,0,PreSubmitted,0.0,10.0,0.0,0.0
82,27042020  12:56:01,80,1545012258,0,PreSubmitted,0.0,10.0,0.0,0.0
81,27042020  12:56:01,80,1545012257,0,PreSubmitted,0.0,10.0,0.0,0.0
82,27042020  12:56:02,80,1545012258,0,PreSubmitted,0.0,10.0,0.0,0.0
81,27042020  12:56:02,80,1545012257,0,PreSubmitted,0.0,10.0,0.0,0.0
82,27042020  12:56:02,80,1545012258,0,PreSubmitted,0.0,10.0,0.0,0.0
81,27042020  12:56:03,80,1545012257,0,PreSubmitted,0.0,10.0,0.0,0.0
82,27042020  12:56:03,80,1545012258,0,PreSubmitted,0.0,10.0,0.0,0.0
81,27042020  12:56:05,80,1545012257,0,PendingSubmit,0.0,10.0,0.0,0.0
82,27042020  12:56:05,80,1545012258,0,PendingSubmit,0.0,10.0,0.0,0.0
81,27042020  12:56:06,80,1545012257,0,PreSubmitted,0.0,10.0,0.0,0.0
82,27042020  12:56:06,80,1545012258,0,PreSubmitted,0.0,10.0,0.0,0.0
80,27042020  12:56:06,0,1545012256,0,Submitted,0.0,10.0,0.0,0.0
81,27042020  12:56:06,80,1545012257,0,PreSubmitted,0.0,10.0,0.0,0.0
82,27042020  12:56:06,80,1545012258,0,PreSubmitted,0.0,10.0,0.0,0.0
81,27042020  12:56:09,80,1545012257,0,PreSubmitted,0.0,10.0,0.0,0.0
82,27042020  12:56:09,80,1545012258,0,PreSubmitted,0.0,10.0,0.0,0.0
81,27042020  12:56:09,80,1545012257,0,PreSubmitted,0.0,10.0,0.0,0.0
82,27042020  12:56:09,80,1545012258,0,PreSubmitted,0.0,10.0,0.0,0.0
81,27042020  12:56:10,80,1545012257,0,PreSubmitted,0.0,10.0,0.0,0.0
82,27042020  12:56:10,80,1545012258,0,PendingSubmit,0.0,10.0,0.0,0.0
81,27042020  12:56:10,80,1545012257,0,PreSubmitted,0.0,10.0,0.0,0.0
82,27042020  12:56:10,80,1545012258,0,PreSubmitted,0.0,10.0,0.0,0.0
81,27042020  12:56:14,80,1545012257,0,PreSubmitted,0.0,10.0,0.0,0.0
82,27042020  12:56:14,80,1545012258,0,PreSubmitted,0.0,10.0,0.0,0.0
76,27042020  12:56:15,74,1545012251,0,PendingCancel,0.0,10.0,0.0,0.0
76,27042020  12:56:15,74,1545012251,0,Cancelled,0.0,10.0,0.0,0.0
75,27042020  12:56:15,74,1545012250,0,Cancelled,0.0,10.0,0.0,0.0
81,27042020  12:56:16,80,1545012257,0,PreSubmitted,0.0,10.0,0.0,0.0
82,27042020  12:56:16,80,1545012258,0,PreSubmitted,0.0,10.0,0.0,0.0
81,27042020  12:56:16,80,1545012257,0,PreSubmitted,0.0,10.0,0.0,0.0
82,27042020  12:56:16,80,1545012258,0,PreSubmitted,0.0,10.0,0.0,0.0
79,27042020  12:56:19,77,1545012255,0,PendingCancel,0.0,10.0,0.0,0.0
79,27042020  12:56:19,77,1545012255,0,Cancelled,0.0,10.0,0.0,0.0
78,27042020  12:56:19,77,1545012254,0,Cancelled,0.0,10.0,0.0,0.0
80,27042020  12:56:20,0,1545012256,0,Cancelled,0.0,10.0,0.0,0.0
81,27042020  12:56:20,80,1545012257,0,Cancelled,0.0,10.0,0.0,0.0
82,27042020  12:56:20,80,1545012258,0,Cancelled,0.0,10.0,0.0,0.0
