98,27042020  13:20:50,0,704061465,0,PreSubmitted,0.0,10.0,0.0,0.0
99,27042020  13:20:50,98,704061466,0,PreSubmitted,0.0,10.0,0.0,0.0
99,27042020  13:20:50,98,704061466,0,PreSubmitted,0.0,10.0,0.0,0.0
99,27042020  13:20:50,98,704061466,0,PreSubmitted,0.0,10.0,0.0,0.0
98,27042020  13:20:50,0,704061465,0,Submitted,0.0,10.0,0.0,0.0
100,27042020  13:20:50,98,704061467,0,PreSubmitted,0.0,10.0,0.0,0.0
100,27042020  13:20:50,98,704061467,0,PreSubmitted,0.0,10.0,0.0,0.0
99,27042020  13:20:51,98,704061466,0,PreSubmitted,0.0,10.0,0.0,0.0
100,27042020  13:20:51,98,704061467,0,PreSubmitted,0.0,10.0,0.0,0.0
99,27042020  13:20:55,98,704061466,0,PreSubmitted,0.0,10.0,0.0,0.0
100,27042020  13:20:55,98,704061467,0,PreSubmitted,0.0,10.0,0.0,0.0
99,27042020  13:20:55,98,704061466,0,PreSubmitted,0.0,10.0,0.0,0.0
100,27042020  13:20:56,98,704061467,0,PreSubmitted,0.0,10.0,0.0,0.0
99,27042020  13:21:00,98,704061466,0,PreSubmitted,0.0,10.0,0.0,0.0
100,27042020  13:21:00,98,704061467,0,PreSubmitted,0.0,10.0,0.0,0.0
99,27042020  13:21:00,98,704061466,0,PreSubmitted,0.0,10.0,0.0,0.0
100,27042020  13:21:00,98,704061467,0,PreSubmitted,0.0,10.0,0.0,0.0
99,27042020  13:21:05,98,704061466,0,PreSubmitted,0.0,10.0,0.0,0.0
100,27042020  13:21:05,98,704061467,0,PreSubmitted,0.0,10.0,0.0,0.0
99,27042020  13:21:06,98,704061466,0,PreSubmitted,0.0,10.0,0.0,0.0
100,27042020  13:21:06,98,704061467,0,PreSubmitted,0.0,10.0,0.0,0.0
99,27042020  13:21:10,98,704061466,0,PreSubmitted,0.0,10.0,0.0,0.0
100,27042020  13:21:10,98,704061467,0,PreSubmitted,0.0,10.0,0.0,0.0
99,27042020  13:21:11,98,704061466,0,PreSubmitted,0.0,10.0,0.0,0.0
100,27042020  13:21:11,98,704061467,0,PreSubmitted,0.0,10.0,0.0,0.0
99,27042020  13:21:15,98,704061466,0,PreSubmitted,0.0,10.0,0.0,0.0
100,27042020  13:21:15,98,704061467,0,PreSubmitted,0.0,10.0,0.0,0.0
99,27042020  13:21:16,98,704061466,0,PreSubmitted,0.0,10.0,0.0,0.0
100,27042020  13:21:16,98,704061467,0,PreSubmitted,0.0,10.0,0.0,0.0
99,27042020  13:21:20,98,704061466,0,PreSubmitted,0.0,10.0,0.0,0.0
100,27042020  13:21:20,98,704061467,0,PreSubmitted,0.0,10.0,0.0,0.0
99,27042020  13:21:21,98,704061466,0,PreSubmitted,0.0,10.0,0.0,0.0
100,27042020  13:21:21,98,704061467,0,PreSubmitted,0.0,10.0,0.0,0.0
99,27042020  13:21:25,98,704061466,0,PreSubmitted,0.0,10.0,0.0,0.0
100,27042020  13:21:25,98,704061467,0,PreSubmitted,0.0,10.0,0.0,0.0
99,27042020  13:21:26,98,704061466,0,PreSubmitted,0.0,10.0,0.0,0.0
100,27042020  13:21:26,98,704061467,0,PreSubmitted,0.0,10.0,0.0,0.0
99,27042020  13:21:26,98,704061466,0,PreSubmitted,0.0,10.0,0.0,0.0
100,27042020  13:21:26,98,704061467,0,PreSubmitted,0.0,10.0,0.0,0.0
99,27042020  13:21:30,98,704061466,0,PendingSubmit,0.0,10.0,0.0,0.0
100,27042020  13:21:30,98,704061467,0,PendingSubmit,0.0,10.0,0.0,0.0
99,27042020  13:21:30,98,704061466,0,PreSubmitted,0.0,10.0,0.0,0.0
100,27042020  13:21:30,98,704061467,0,PreSubmitted,0.0,10.0,0.0,0.0
99,27042020  13:21:35,98,704061466,0,PreSubmitted,0.0,10.0,0.0,0.0
100,27042020  13:21:35,98,704061467,0,PreSubmitted,0.0,10.0,0.0,0.0
99,27042020  13:21:35,98,704061466,0,PreSubmitted,0.0,10.0,0.0,0.0
100,27042020  13:21:36,98,704061467,0,PreSubmitted,0.0,10.0,0.0,0.0
99,27042020  13:21:40,98,704061466,0,PreSubmitted,0.0,10.0,0.0,0.0
100,27042020  13:21:40,98,704061467,0,PreSubmitted,0.0,10.0,0.0,0.0
99,27042020  13:21:41,98,704061466,0,PreSubmitted,0.0,10.0,0.0,0.0
100,27042020  13:21:41,98,704061467,0,PreSubmitted,0.0,10.0,0.0,0.0
99,27042020  13:21:42,98,704061466,0,PreSubmitted,0.0,10.0,0.0,0.0
100,27042020  13:21:42,98,704061467,0,PreSubmitted,0.0,10.0,0.0,0.0
100,27042020  13:21:42,98,704061467,0,PreSubmitted,0.0,10.0,0.0,0.0
100,27042020  13:21:42,98,704061467,0,PreSubmitted,0.0,10.0,0.0,0.0
98,27042020  13:21:42,0,704061465,0,Filled,10.0,0.0,1.08282,1.08282
98,27042020  13:21:42,0,704061465,0,Filled,10.0,0.0,1.08282,1.08282
99,27042020  13:21:42,98,704061466,0,PreSubmitted,0.0,10.0,0.0,0.0
99,27042020  13:21:42,98,704061466,0,Submitted,0.0,10.0,0.0,0.0
100,27042020  13:21:43,98,704061467,0,PreSubmitted,0.0,10.0,0.0,0.0
100,27042020  13:21:43,98,704061467,0,Submitted,0.0,10.0,0.0,0.0
99,27042020  13:21:45,98,704061466,0,Submitted,0.0,10.0,0.0,0.0
100,27042020  13:21:45,98,704061467,0,Submitted,0.0,10.0,0.0,0.0
99,27042020  13:21:46,98,704061466,0,Submitted,0.0,10.0,0.0,0.0
100,27042020  13:21:46,98,704061467,0,Submitted,0.0,10.0,0.0,0.0
99,27042020  13:21:50,98,704061466,0,Submitted,0.0,10.0,0.0,0.0
100,27042020  13:21:50,98,704061467,0,Submitted,0.0,10.0,0.0,0.0
99,27042020  13:21:51,98,704061466,0,Submitted,0.0,10.0,0.0,0.0
100,27042020  13:21:51,98,704061467,0,Submitted,0.0,10.0,0.0,0.0
99,27042020  13:21:55,98,704061466,0,Submitted,0.0,10.0,0.0,0.0
100,27042020  13:21:55,98,704061467,0,Submitted,0.0,10.0,0.0,0.0
99,27042020  13:21:56,98,704061466,0,Submitted,0.0,10.0,0.0,0.0
100,27042020  13:21:56,98,704061467,0,Submitted,0.0,10.0,0.0,0.0
99,27042020  13:22:00,98,704061466,0,Submitted,0.0,10.0,0.0,0.0
100,27042020  13:22:00,98,704061467,0,Submitted,0.0,10.0,0.0,0.0
99,27042020  13:22:01,98,704061466,0,Submitted,0.0,10.0,0.0,0.0
100,27042020  13:22:01,98,704061467,0,Submitted,0.0,10.0,0.0,0.0
99,27042020  13:22:05,98,704061466,0,Submitted,0.0,10.0,0.0,0.0
100,27042020  13:22:05,98,704061467,0,Submitted,0.0,10.0,0.0,0.0
99,27042020  13:22:06,98,704061466,0,Submitted,0.0,10.0,0.0,0.0
100,27042020  13:22:06,98,704061467,0,Submitted,0.0,10.0,0.0,0.0
99,27042020  13:22:10,98,704061466,0,Submitted,0.0,10.0,0.0,0.0
100,27042020  13:22:10,98,704061467,0,Submitted,0.0,10.0,0.0,0.0
99,27042020  13:22:11,98,704061466,0,Submitted,0.0,10.0,0.0,0.0
100,27042020  13:22:11,98,704061467,0,Submitted,0.0,10.0,0.0,0.0
99,27042020  13:22:15,98,704061466,0,Submitted,0.0,10.0,0.0,0.0
100,27042020  13:22:15,98,704061467,0,Submitted,0.0,10.0,0.0,0.0
99,27042020  13:22:16,98,704061466,0,Submitted,0.0,10.0,0.0,0.0
100,27042020  13:22:16,98,704061467,0,Submitted,0.0,10.0,0.0,0.0
99,27042020  13:22:19,98,704061466,0,Submitted,0.0,10.0,0.0,0.0
100,27042020  13:22:20,98,704061467,0,Submitted,0.0,10.0,0.0,0.0
99,27042020  13:22:20,98,704061466,0,Submitted,0.0,10.0,0.0,0.0
100,27042020  13:22:20,98,704061467,0,Submitted,0.0,10.0,0.0,0.0
99,27042020  13:22:20,98,704061466,0,Submitted,0.0,10.0,0.0,0.0
100,27042020  13:22:21,98,704061467,0,Submitted,0.0,10.0,0.0,0.0
99,27042020  13:22:25,98,704061466,0,Submitted,0.0,10.0,0.0,0.0
100,27042020  13:22:25,98,704061467,0,Submitted,0.0,10.0,0.0,0.0
99,27042020  13:22:26,98,704061466,0,Submitted,0.0,10.0,0.0,0.0
100,27042020  13:22:26,98,704061467,0,Submitted,0.0,10.0,0.0,0.0
99,27042020  13:22:30,98,704061466,0,Submitted,0.0,10.0,0.0,0.0
100,27042020  13:22:30,98,704061467,0,Submitted,0.0,10.0,0.0,0.0
99,27042020  13:22:31,98,704061466,0,Submitted,0.0,10.0,0.0,0.0
100,27042020  13:22:31,98,704061467,0,Submitted,0.0,10.0,0.0,0.0
99,27042020  13:22:35,98,704061466,0,Submitted,0.0,10.0,0.0,0.0
100,27042020  13:22:35,98,704061467,0,Submitted,0.0,10.0,0.0,0.0
99,27042020  13:22:36,98,704061466,0,Submitted,0.0,10.0,0.0,0.0
100,27042020  13:22:36,98,704061467,0,Submitted,0.0,10.0,0.0,0.0
99,27042020  13:22:40,98,704061466,0,Submitted,0.0,10.0,0.0,0.0
100,27042020  13:22:40,98,704061467,0,Submitted,0.0,10.0,0.0,0.0
99,27042020  13:22:41,98,704061466,0,Submitted,0.0,10.0,0.0,0.0
100,27042020  13:22:41,98,704061467,0,Submitted,0.0,10.0,0.0,0.0
