1,20200424  03:00:00,56.0,51.51,51.51,54.325
1,20200424  03:01:00,54.325,54.23,54.325,54.235
1,20200424  03:02:00,54.31,54.175,54.235,54.235
1,20200424  03:03:00,54.35,54.235,54.235,54.35
1,20200424  03:04:00,54.35,54.345,54.35,54.345
1,20200424  03:05:00,54.375,54.33,54.345,54.375
1,20200424  03:06:00,54.375,54.375,54.375,54.375
1,20200424  03:07:00,54.375,54.24,54.375,54.36
1,20200424  03:08:00,54.38,54.355,54.36,54.355
1,20200424  03:09:00,54.385,54.355,54.355,54.385
1,20200424  03:10:00,54.4,54.375,54.385,54.395
1,20200424  03:11:00,54.4,54.395,54.395,54.4
1,20200424  03:12:00,54.4,54.4,54.4,54.4
1,20200424  03:13:00,54.4,54.4,54.4,54.4
1,20200424  03:14:00,54.405,54.4,54.4,54.405
1,20200424  03:15:00,54.41,54.4,54.405,54.405
1,20200424  03:16:00,54.405,54.4,54.405,54.405
1,20200424  03:17:00,54.42,54.4,54.405,54.415
1,20200424  03:18:00,54.42,54.4,54.415,54.41
1,20200424  03:19:00,54.41,54.4,54.41,54.405
1,20200424  03:20:00,54.405,54.375,54.405,54.38
1,20200424  03:21:00,54.385,54.38,54.38,54.385
1,20200424  03:22:00,54.405,54.385,54.385,54.405
1,20200424  03:23:00,54.405,54.405,54.405,54.405
1,20200424  03:24:00,54.405,54.405,54.405,54.405
1,20200424  03:25:00,54.405,54.405,54.405,54.405
1,20200424  03:26:00,54.405,54.405,54.405,54.405
1,20200424  03:27:00,54.415,54.405,54.405,54.415
1,20200424  03:28:00,54.44,54.415,54.415,54.415
1,20200424  03:29:00,54.44,54.415,54.415,54.44
1,20200424  03:30:00,54.47,54.44,54.44,54.44
1,20200424  03:31:00,54.445,54.44,54.44,54.445
1,20200424  03:32:00,54.445,54.445,54.445,54.445
1,20200424  03:33:00,54.445,54.445,54.445,54.445
1,20200424  03:34:00,54.445,54.44,54.445,54.44
1,20200424  03:35:00,54.46,54.44,54.44,54.46
1,20200424  03:36:00,54.46,54.44,54.46,54.45
1,20200424  03:37:00,54.45,54.45,54.45,54.45
1,20200424  03:38:00,54.45,54.45,54.45,54.45
1,20200424  03:39:00,54.45,54.45,54.45,54.45
1,20200424  03:40:00,54.485,54.45,54.45,54.475
1,20200424  03:41:00,54.55,54.47,54.475,54.48
1,20200424  03:42:00,54.48,54.475,54.48,54.475
1,20200424  03:43:00,54.65,54.475,54.475,54.505
1,20200424  03:44:00,54.555,54.505,54.505,54.53
1,20200424  03:45:00,54.53,54.53,54.53,54.53
1,20200424  03:46:00,54.555,54.53,54.53,54.55
1,20200424  03:47:00,54.55,54.545,54.55,54.545
1,20200424  03:48:00,54.545,54.545,54.545,54.545
1,20200424  03:49:00,54.615,54.545,54.545,54.615
1,20200424  03:50:00,54.63,54.615,54.615,54.615
1,20200424  03:51:00,54.725,54.585,54.615,54.725
1,20200424  03:52:00,54.735,54.725,54.725,54.725
1,20200424  03:53:00,54.725,54.725,54.725,54.725
1,20200424  03:54:00,54.905,54.725,54.725,54.855
1,20200424  03:55:00,54.855,54.45,54.855,54.66
1,20200424  03:56:00,54.8,54.66,54.66,54.76
1,20200424  03:57:00,54.76,54.75,54.76,54.75
1,20200424  03:58:00,54.75,54.705,54.75,54.75
1,20200424  03:59:00,54.75,54.72,54.75,54.725
1,20200424  04:00:00,54.75,54.71,54.725,54.75
1,20200424  04:01:00,54.75,54.71,54.75,54.71
1,20200424  04:02:00,54.755,54.705,54.71,54.755
1,20200424  04:03:00,54.775,54.71,54.755,54.75
1,20200424  04:04:00,54.78,54.72,54.75,54.775
1,20200424  04:05:00,54.775,54.705,54.775,54.715
1,20200424  04:06:00,54.72,54.705,54.715,54.705
1,20200424  04:07:00,54.77,54.705,54.705,54.705
1,20200424  04:08:00,54.835,54.705,54.705,54.835
1,20200424  04:09:00,54.85,54.835,54.835,54.85
1,20200424  04:10:00,54.875,54.845,54.85,54.85
1,20200424  04:11:00,54.95,54.85,54.85,54.875
1,20200424  04:12:00,54.875,54.87,54.875,54.87
1,20200424  04:13:00,54.87,54.87,54.87,54.87
1,20200424  04:14:00,54.895,54.87,54.87,54.895
1,20200424  04:15:00,54.92,54.875,54.895,54.92
1,20200424  04:16:00,54.92,54.885,54.92,54.885
1,20200424  04:17:00,54.92,54.885,54.885,54.89
1,20200424  04:18:00,54.935,54.89,54.89,54.89
1,20200424  04:19:00,54.89,54.89,54.89,54.89
1,20200424  04:20:00,54.89,54.87,54.89,54.875
1,20200424  04:21:00,54.875,54.875,54.875,54.875
1,20200424  04:22:00,54.875,54.875,54.875,54.875
1,20200424  04:23:00,54.875,54.865,54.875,54.865
1,20200424  04:24:00,54.875,54.855,54.865,54.875
1,20200424  04:25:00,54.88,54.87,54.875,54.87
1,20200424  04:26:00,54.87,54.87,54.87,54.87
1,20200424  04:27:00,54.915,54.87,54.87,54.91
1,20200424  04:28:00,54.92,54.91,54.91,54.92
1,20200424  04:29:00,54.92,54.895,54.92,54.895
1,20200424  04:30:00,54.895,54.895,54.895,54.895
1,20200424  04:31:00,54.895,54.895,54.895,54.895
1,20200424  04:32:00,54.915,54.89,54.895,54.89
1,20200424  04:33:00,54.915,54.89,54.89,54.915
1,20200424  04:34:00,54.915,54.915,54.915,54.915
1,20200424  04:35:00,54.915,54.91,54.915,54.91
1,20200424  04:36:00,54.91,54.9,54.91,54.9
1,20200424  04:37:00,54.9,54.9,54.9,54.9
1,20200424  04:38:00,54.9,54.875,54.9,54.88
1,20200424  04:39:00,54.88,54.88,54.88,54.88
1,20200424  04:40:00,54.88,54.88,54.88,54.88
1,20200424  04:41:00,54.88,54.875,54.88,54.875
1,20200424  04:42:00,54.9,54.865,54.875,54.865
1,20200424  04:43:00,54.865,54.85,54.865,54.85
1,20200424  04:44:00,54.85,54.85,54.85,54.85
1,20200424  04:45:00,54.85,54.85,54.85,54.85
1,20200424  04:46:00,54.85,54.85,54.85,54.85
1,20200424  04:47:00,54.85,54.85,54.85,54.85
1,20200424  04:48:00,54.865,54.85,54.85,54.865
1,20200424  04:49:00,54.865,54.865,54.865,54.865
1,20200424  04:50:00,54.865,54.865,54.865,54.865
1,20200424  04:51:00,54.92,54.865,54.865,54.92
1,20200424  04:52:00,54.92,54.92,54.92,54.92
1,20200424  04:53:00,54.975,54.92,54.92,54.975
1,20200424  04:54:00,54.99,54.965,54.975,54.99
1,20200424  04:55:00,55.05,54.99,54.99,55.05
1,20200424  04:56:00,55.05,55.04,55.05,55.04
1,20200424  04:57:00,55.165,55.04,55.04,55.145
1,20200424  04:58:00,55.145,55.145,55.145,55.145
1,20200424  04:59:00,55.145,55.025,55.145,55.025
1,20200424  05:00:00,55.025,55.025,55.025,55.025
1,20200424  05:01:00,55.025,54.845,55.025,54.85
1,20200424  05:02:00,55.0,54.845,54.85,54.85
1,20200424  05:03:00,54.85,54.845,54.85,54.845
1,20200424  05:04:00,54.845,54.845,54.845,54.845
1,20200424  05:05:00,54.845,54.845,54.845,54.845
1,20200424  05:06:00,54.845,54.845,54.845,54.845
1,20200424  05:07:00,54.845,54.845,54.845,54.845
1,20200424  05:08:00,55.25,54.82,54.845,54.97
1,20200424  05:09:00,54.975,54.945,54.97,54.97
1,20200424  05:10:00,54.975,54.92,54.97,54.95
1,20200424  05:11:00,54.95,54.88,54.95,54.95
1,20200424  05:12:00,54.95,54.89,54.95,54.89
1,20200424  05:13:00,54.89,54.89,54.89,54.89
1,20200424  05:14:00,54.89,54.845,54.89,54.845
1,20200424  05:15:00,54.85,54.845,54.845,54.85
1,20200424  05:16:00,54.85,54.82,54.85,54.82
1,20200424  05:17:00,54.825,54.8,54.82,54.825
1,20200424  05:18:00,55.07,54.825,54.825,55.05
1,20200424  05:19:00,55.05,55.05,55.05,55.05
1,20200424  05:20:00,55.075,55.05,55.05,55.075
1,20200424  05:21:00,55.075,55.025,55.075,55.05
1,20200424  05:22:00,55.055,55.045,55.05,55.05
1,20200424  05:23:00,55.05,55.05,55.05,55.05
1,20200424  05:24:00,55.05,55.05,55.05,55.05
1,20200424  05:25:00,55.05,55.05,55.05,55.05
1,20200424  05:26:00,55.05,55.04,55.05,55.04
1,20200424  05:27:00,55.04,55.04,55.04,55.04
1,20200424  05:28:00,55.05,55.04,55.04,55.05
1,20200424  05:29:00,55.05,55.03,55.05,55.03
1,20200424  05:30:00,55.03,54.975,55.03,55.005
1,20200424  05:31:00,55.005,54.975,55.005,54.975
1,20200424  05:32:00,55.005,54.925,54.975,54.925
1,20200424  05:33:00,54.925,54.875,54.925,54.88
1,20200424  05:34:00,54.88,54.88,54.88,54.88
1,20200424  05:35:00,54.935,54.83,54.88,54.935
1,20200424  05:36:00,54.945,54.93,54.935,54.935
1,20200424  05:37:00,54.955,54.935,54.935,54.955
1,20200424  05:38:00,54.955,54.955,54.955,54.955
1,20200424  05:39:00,54.98,54.955,54.955,54.98
1,20200424  05:40:00,54.99,54.98,54.98,54.99
1,20200424  05:41:00,54.99,54.99,54.99,54.99
1,20200424  05:42:00,54.99,54.95,54.99,54.95
1,20200424  05:43:00,54.95,54.95,54.95,54.95
1,20200424  05:44:00,54.95,54.88,54.95,54.93
1,20200424  05:45:00,54.93,54.93,54.93,54.93
1,20200424  05:46:00,55.08,54.93,54.93,55.08
1,20200424  05:47:00,55.155,55.065,55.08,55.065
1,20200424  05:48:00,55.12,55.03,55.065,55.115
1,20200424  05:49:00,55.12,55.115,55.115,55.12
1,20200424  05:50:00,55.125,55.085,55.12,55.1
1,20200424  05:51:00,55.11,55.1,55.1,55.105
1,20200424  05:52:00,55.115,55.105,55.105,55.115
1,20200424  05:53:00,55.115,55.1,55.115,55.1
1,20200424  05:54:00,55.12,55.1,55.1,55.1
1,20200424  05:55:00,55.1,55.1,55.1,55.1
1,20200424  05:56:00,55.1,55.09,55.1,55.09
1,20200424  05:57:00,55.1,55.08,55.09,55.08
1,20200424  05:58:00,55.11,55.08,55.08,55.11
1,20200424  05:59:00,55.22,55.11,55.11,55.175
1,20200424  06:00:00,55.235,55.08,55.175,55.16
1,20200424  06:01:00,55.235,55.125,55.16,55.18
1,20200424  06:02:00,55.305,55.15,55.18,55.295
1,20200424  06:03:00,55.375,55.295,55.295,55.36
1,20200424  06:04:00,55.43,55.285,55.36,55.285
1,20200424  06:05:00,55.45,55.265,55.285,55.45
1,20200424  06:06:00,55.47,55.415,55.45,55.415
1,20200424  06:07:00,55.425,55.375,55.415,55.375
1,20200424  06:08:00,55.39,55.285,55.375,55.295
1,20200424  06:09:00,55.305,55.225,55.295,55.295
1,20200424  06:10:00,55.31,55.27,55.295,55.3
1,20200424  06:11:00,55.305,55.29,55.3,55.305
1,20200424  06:12:00,55.365,55.29,55.305,55.365
1,20200424  06:13:00,55.39,55.325,55.365,55.335
1,20200424  06:14:00,55.37,55.335,55.335,55.36
1,20200424  06:15:00,55.36,55.335,55.36,55.335
1,20200424  06:16:00,55.425,55.29,55.335,55.41
1,20200424  06:17:00,55.41,55.385,55.41,55.385
1,20200424  06:18:00,55.395,55.375,55.385,55.39
1,20200424  06:19:00,55.4,55.33,55.39,55.335
1,20200424  06:20:00,55.345,55.265,55.335,55.265
1,20200424  06:21:00,55.28,55.135,55.265,55.15
1,20200424  06:22:00,55.205,55.145,55.15,55.17
1,20200424  06:23:00,55.17,55.15,55.17,55.17
1,20200424  06:24:00,55.34,55.16,55.17,55.335
1,20200424  06:25:00,55.335,55.325,55.335,55.325
1,20200424  06:26:00,55.325,55.195,55.325,55.255
1,20200424  06:27:00,55.325,55.255,55.255,55.32
1,20200424  06:28:00,55.365,55.32,55.32,55.355
1,20200424  06:29:00,55.42,55.33,55.355,55.42
1,20200424  06:30:00,55.42,55.38,55.42,55.385
1,20200424  06:31:00,55.405,55.375,55.385,55.375
1,20200424  06:32:00,55.385,55.35,55.375,55.35
1,20200424  06:33:00,55.355,55.33,55.35,55.335
1,20200424  06:34:00,55.335,55.32,55.335,55.325
1,20200424  06:35:00,55.325,55.12,55.325,55.145
1,20200424  06:36:00,55.155,55.145,55.145,55.15
1,20200424  06:37:00,55.205,55.15,55.15,55.205
1,20200424  06:38:00,55.315,55.205,55.205,55.28
1,20200424  06:39:00,55.28,55.27,55.28,55.275
1,20200424  06:40:00,55.29,55.275,55.275,55.29
1,20200424  06:41:00,55.33,55.285,55.29,55.285
1,20200424  06:42:00,55.285,55.275,55.285,55.275
1,20200424  06:43:00,55.275,55.275,55.275,55.275
1,20200424  06:44:00,55.285,55.255,55.275,55.285
1,20200424  06:45:00,55.31,55.27,55.285,55.31
1,20200424  06:46:00,55.31,55.245,55.31,55.255
1,20200424  06:47:00,55.27,55.205,55.255,55.245
1,20200424  06:48:00,55.25,55.17,55.245,55.17
1,20200424  06:49:00,55.24,55.14,55.17,55.14
1,20200424  06:50:00,55.16,55.14,55.14,55.16
1,20200424  06:51:00,55.185,55.16,55.16,55.185
1,20200424  06:52:00,55.185,55.165,55.185,55.185
1,20200424  06:53:00,55.215,55.16,55.185,55.215
1,20200424  06:54:00,55.24,55.18,55.215,55.18
1,20200424  06:55:00,55.22,55.18,55.18,55.195
1,20200424  06:56:00,55.195,55.195,55.195,55.195
1,20200424  06:57:00,55.195,55.14,55.195,55.16
1,20200424  06:58:00,55.165,55.04,55.16,55.04
1,20200424  06:59:00,55.14,55.035,55.04,55.14
1,20200424  07:00:00,55.175,55.14,55.14,55.175
1,20200424  07:01:00,55.175,55.165,55.175,55.165
1,20200424  07:02:00,55.165,55.16,55.165,55.165
1,20200424  07:03:00,55.165,55.125,55.165,55.125
1,20200424  07:04:00,55.125,55.105,55.125,55.11
1,20200424  07:05:00,55.11,55.07,55.11,55.07
1,20200424  07:06:00,55.075,54.96,55.07,54.975
1,20200424  07:07:00,55.03,54.975,54.975,55.03
1,20200424  07:08:00,55.03,55.025,55.03,55.03
1,20200424  07:09:00,55.03,55.02,55.03,55.03
1,20200424  07:10:00,55.045,55.02,55.03,55.04
1,20200424  07:11:00,55.045,55.0,55.04,55.03
1,20200424  07:12:00,55.03,54.955,55.03,54.97
1,20200424  07:13:00,55.02,54.965,54.97,54.995
1,20200424  07:14:00,55.01,54.96,54.995,55.01
1,20200424  07:15:00,55.05,55.01,55.01,55.05
1,20200424  07:16:00,55.05,54.975,55.05,54.98
1,20200424  07:17:00,55.08,54.96,54.98,55.0
1,20200424  07:18:00,55.005,54.975,55.0,54.98
1,20200424  07:19:00,54.995,54.975,54.98,54.975
1,20200424  07:20:00,55.0,54.975,54.975,54.985
1,20200424  07:21:00,54.99,54.985,54.985,54.99
1,20200424  07:22:00,55.035,54.985,54.99,55.025
1,20200424  07:23:00,55.04,55.015,55.025,55.015
1,20200424  07:24:00,55.015,54.975,55.015,54.98
1,20200424  07:25:00,55.005,54.98,54.98,54.99
1,20200424  07:26:00,55.01,54.975,54.99,55.01
1,20200424  07:27:00,55.035,55.01,55.01,55.035
1,20200424  07:28:00,55.035,55.035,55.035,55.035
1,20200424  07:29:00,55.07,55.035,55.035,55.06
1,20200424  07:30:00,55.095,55.06,55.06,55.085
1,20200424  07:31:00,55.12,55.08,55.085,55.115
1,20200424  07:32:00,55.135,55.105,55.115,55.11
1,20200424  07:33:00,55.13,55.11,55.11,55.12
1,20200424  07:34:00,55.135,55.12,55.12,55.125
1,20200424  07:35:00,55.135,55.11,55.125,55.125
1,20200424  07:36:00,55.13,55.105,55.125,55.105
1,20200424  07:37:00,55.105,55.105,55.105,55.105
1,20200424  07:38:00,55.175,55.105,55.105,55.165
1,20200424  07:39:00,55.195,55.165,55.165,55.165
1,20200424  07:40:00,55.165,55.165,55.165,55.165
1,20200424  07:41:00,55.225,55.16,55.165,55.225
1,20200424  07:42:00,55.265,55.22,55.225,55.255
1,20200424  07:43:00,55.32,55.255,55.255,55.275
1,20200424  07:44:00,55.325,55.26,55.275,55.315
1,20200424  07:45:00,55.37,55.285,55.315,55.365
1,20200424  07:46:00,55.375,55.355,55.365,55.365
1,20200424  07:47:00,55.445,55.365,55.365,55.435
1,20200424  07:48:00,55.445,55.41,55.435,55.42
1,20200424  07:49:00,55.435,55.375,55.42,55.375
1,20200424  07:50:00,55.4,55.365,55.375,55.385
1,20200424  07:51:00,55.39,55.355,55.385,55.36
1,20200424  07:52:00,55.36,55.32,55.36,55.325
1,20200424  07:53:00,55.345,55.325,55.325,55.33
1,20200424  07:54:00,55.34,55.275,55.33,55.275
1,20200424  07:55:00,55.28,55.235,55.275,55.265
1,20200424  07:56:00,55.275,55.265,55.265,55.265
1,20200424  07:57:00,55.28,55.25,55.265,55.275
1,20200424  07:58:00,55.295,55.26,55.275,55.295
1,20200424  07:59:00,55.3,55.27,55.295,55.27
1,20200424  08:00:00,55.33,55.26,55.27,55.3
1,20200424  08:01:00,55.305,55.3,55.3,55.305
1,20200424  08:02:00,55.35,55.305,55.305,55.35
1,20200424  08:03:00,55.395,55.35,55.35,55.37
1,20200424  08:04:00,55.415,55.365,55.37,55.415
1,20200424  08:05:00,55.415,55.34,55.415,55.35
1,20200424  08:06:00,55.355,55.325,55.35,55.34
1,20200424  08:07:00,55.36,55.32,55.34,55.36
1,20200424  08:08:00,55.36,55.28,55.36,55.285
1,20200424  08:09:00,55.285,55.24,55.285,55.24
1,20200424  08:10:00,55.24,55.15,55.24,55.195
1,20200424  08:11:00,55.245,55.18,55.195,55.225
1,20200424  08:12:00,55.23,55.205,55.225,55.225
1,20200424  08:13:00,55.235,55.225,55.225,55.225
1,20200424  08:14:00,55.31,55.225,55.225,55.305
1,20200424  08:15:00,55.32,55.29,55.305,55.32
1,20200424  08:16:00,55.32,55.24,55.32,55.265
1,20200424  08:17:00,55.325,55.22,55.265,55.285
1,20200424  08:18:00,55.315,55.245,55.285,55.275
1,20200424  08:19:00,55.29,55.235,55.275,55.265
1,20200424  08:20:00,55.29,55.26,55.265,55.29
1,20200424  08:21:00,55.295,55.27,55.29,55.28
1,20200424  08:22:00,55.305,55.28,55.28,55.29
1,20200424  08:23:00,55.35,55.29,55.29,55.35
1,20200424  08:24:00,55.36,55.32,55.35,55.32
1,20200424  08:25:00,55.325,55.3,55.32,55.31
1,20200424  08:26:00,55.325,55.22,55.31,55.23
1,20200424  08:27:00,55.275,55.225,55.23,55.26
1,20200424  08:28:00,55.26,55.085,55.26,55.1
1,20200424  08:29:00,55.115,55.08,55.1,55.08
1,20200424  08:30:00,55.54,55.045,55.08,55.485
1,20200424  08:31:00,55.515,55.025,55.485,55.075
1,20200424  08:32:00,55.105,54.745,55.075,54.885
1,20200424  08:33:00,54.995,54.875,54.885,54.945
1,20200424  08:34:00,54.955,54.615,54.945,54.675
1,20200424  08:35:00,54.755,54.615,54.675,54.735
1,20200424  08:36:00,54.75,54.425,54.735,54.495
1,20200424  08:37:00,54.58,54.445,54.495,54.58
1,20200424  08:38:00,54.705,54.465,54.58,54.635
1,20200424  08:39:00,54.795,54.505,54.635,54.775
1,20200424  08:40:00,54.965,54.775,54.775,54.795
1,20200424  08:41:00,54.815,54.675,54.795,54.685
1,20200424  08:42:00,54.765,54.665,54.685,54.705
1,20200424  08:43:00,54.785,54.605,54.705,54.645
1,20200424  08:44:00,54.745,54.535,54.645,54.705
1,20200424  08:45:00,54.935,54.705,54.705,54.915
1,20200424  08:46:00,54.945,54.785,54.915,54.875
1,20200424  08:47:00,54.885,54.735,54.875,54.785
1,20200424  08:48:00,54.905,54.625,54.785,54.625
1,20200424  08:49:00,54.725,54.545,54.625,54.715
1,20200424  08:50:00,54.785,54.705,54.715,54.725
1,20200424  08:51:00,54.815,54.715,54.725,54.795
1,20200424  08:52:00,54.975,54.795,54.795,54.965
1,20200424  08:53:00,55.145,54.965,54.965,55.145
1,20200424  08:54:00,55.145,55.005,55.145,55.09
1,20200424  08:55:00,55.095,54.885,55.09,54.915
1,20200424  08:56:00,54.935,54.8,54.915,54.815
1,20200424  08:57:00,54.915,54.785,54.815,54.905
1,20200424  08:58:00,54.905,54.785,54.905,54.825
1,20200424  08:59:00,54.855,54.63,54.825,54.725
1,20200424  09:00:00,54.945,54.725,54.725,54.915
1,20200424  09:01:00,54.975,54.875,54.915,54.915
1,20200424  09:02:00,54.915,54.705,54.915,54.745
1,20200424  09:03:00,54.775,54.605,54.745,54.615
1,20200424  09:04:00,54.685,54.605,54.615,54.625
1,20200424  09:05:00,54.705,54.565,54.625,54.645
1,20200424  09:06:00,54.745,54.605,54.645,54.655
1,20200424  09:07:00,54.695,54.565,54.655,54.695
1,20200424  09:08:00,54.825,54.695,54.695,54.825
1,20200424  09:09:00,54.905,54.795,54.825,54.835
1,20200424  09:10:00,54.975,54.835,54.835,54.885
1,20200424  09:11:00,54.9,54.775,54.885,54.775
1,20200424  09:12:00,54.865,54.775,54.775,54.775
1,20200424  09:13:00,54.825,54.665,54.775,54.825
1,20200424  09:14:00,54.985,54.825,54.825,54.875
1,20200424  09:15:00,54.955,54.775,54.875,54.955
1,20200424  09:16:00,55.065,54.835,54.955,55.055
1,20200424  09:17:00,55.235,55.015,55.055,55.165
1,20200424  09:18:00,55.295,55.155,55.165,55.235
1,20200424  09:19:00,55.325,55.225,55.235,55.325
1,20200424  09:20:00,55.345,55.295,55.325,55.295
1,20200424  09:21:00,55.405,55.245,55.295,55.365
1,20200424  09:22:00,55.41,55.265,55.365,55.365
1,20200424  09:23:00,55.375,55.265,55.365,55.265
1,20200424  09:24:00,55.285,55.225,55.265,55.24
1,20200424  09:25:00,55.28,55.155,55.24,55.185
1,20200424  09:26:00,55.195,55.155,55.185,55.155
1,20200424  09:27:00,55.215,55.105,55.155,55.195
1,20200424  09:28:00,55.345,55.185,55.195,55.315
1,20200424  09:29:00,55.325,55.185,55.315,55.285
1,20200424  09:30:00,55.325,55.235,55.285,55.32
1,20200424  09:31:00,55.395,55.265,55.32,55.375
1,20200424  09:32:00,55.525,55.355,55.375,55.445
1,20200424  09:33:00,55.465,55.405,55.445,55.455
1,20200424  09:34:00,55.575,55.435,55.455,55.525
1,20200424  09:35:00,55.555,55.455,55.525,55.535
1,20200424  09:36:00,55.675,55.485,55.535,55.645
1,20200424  09:37:00,55.775,55.615,55.645,55.745
1,20200424  09:38:00,55.805,55.715,55.745,55.735
1,20200424  09:39:00,55.735,55.625,55.735,55.675
1,20200424  09:40:00,55.785,55.645,55.675,55.675
1,20200424  09:41:00,55.745,55.615,55.675,55.745
1,20200424  09:42:00,55.845,55.685,55.745,55.715
1,20200424  09:43:00,55.795,55.625,55.715,55.675
1,20200424  09:44:00,55.745,55.675,55.675,55.745
1,20200424  09:45:00,55.845,55.71,55.745,55.825
1,20200424  09:46:00,55.825,55.66,55.825,55.705
1,20200424  09:47:00,55.725,55.625,55.705,55.675
1,20200424  09:48:00,55.735,55.645,55.675,55.665
1,20200424  09:49:00,55.685,55.575,55.665,55.595
1,20200424  09:50:00,55.695,55.585,55.595,55.685
1,20200424  09:51:00,55.715,55.625,55.685,55.675
1,20200424  09:52:00,55.735,55.675,55.675,55.695
1,20200424  09:53:00,55.715,55.635,55.695,55.665
1,20200424  09:54:00,55.725,55.565,55.665,55.605
1,20200424  09:55:00,55.625,55.425,55.605,55.445
1,20200424  09:56:00,55.455,55.325,55.445,55.375
1,20200424  09:57:00,55.425,55.335,55.375,55.375
1,20200424  09:58:00,55.385,55.265,55.375,55.275
1,20200424  09:59:00,55.335,55.255,55.275,55.325
1,20200424  10:00:00,55.335,55.255,55.325,55.305
1,20200424  10:01:00,55.375,55.265,55.305,55.315
1,20200424  10:02:00,55.315,55.185,55.315,55.255
1,20200424  10:03:00,55.265,55.135,55.255,55.185
1,20200424  10:04:00,55.315,55.185,55.185,55.315
1,20200424  10:05:00,55.365,55.265,55.315,55.365
1,20200424  10:06:00,55.435,55.355,55.365,55.415
1,20200424  10:07:00,55.435,55.395,55.415,55.405
1,20200424  10:08:00,55.405,55.345,55.405,55.36
1,20200424  10:09:00,55.375,55.305,55.36,55.315
1,20200424  10:10:00,55.345,55.265,55.315,55.315
1,20200424  10:11:00,55.325,55.205,55.315,55.235
1,20200424  10:12:00,55.315,55.235,55.235,55.235
1,20200424  10:13:00,55.235,55.085,55.235,55.185
1,20200424  10:14:00,55.245,55.125,55.185,55.245
1,20200424  10:15:00,55.465,55.235,55.245,55.455
1,20200424  10:16:00,55.525,55.415,55.455,55.465
1,20200424  10:17:00,55.495,55.395,55.465,55.405
1,20200424  10:18:00,55.485,55.385,55.405,55.455
1,20200424  10:19:00,55.575,55.455,55.455,55.555
1,20200424  10:20:00,55.565,55.495,55.555,55.525
1,20200424  10:21:00,55.635,55.525,55.525,55.605
1,20200424  10:22:00,55.845,55.585,55.605,55.815
1,20200424  10:23:00,55.815,55.775,55.815,55.805
1,20200424  10:24:00,55.885,55.795,55.805,55.835
1,20200424  10:25:00,55.845,55.755,55.835,55.795
1,20200424  10:26:00,55.835,55.755,55.795,55.815
1,20200424  10:27:00,55.865,55.785,55.815,55.815
1,20200424  10:28:00,55.835,55.785,55.815,55.825
1,20200424  10:29:00,55.845,55.705,55.825,55.725
1,20200424  10:30:00,55.785,55.705,55.725,55.765
1,20200424  10:31:00,55.765,55.705,55.765,55.755
1,20200424  10:32:00,55.755,55.615,55.755,55.615
1,20200424  10:33:00,55.685,55.555,55.615,55.675
1,20200424  10:34:00,55.71,55.655,55.675,55.705
1,20200424  10:35:00,55.825,55.68,55.705,55.805
1,20200424  10:36:00,55.995,55.805,55.805,55.975
1,20200424  10:37:00,56.035,55.965,55.975,56.005
1,20200424  10:38:00,56.125,55.995,56.005,56.105
1,20200424  10:39:00,56.185,56.075,56.105,56.105
1,20200424  10:40:00,56.115,56.005,56.105,56.015
1,20200424  10:41:00,56.065,55.955,56.015,55.955
1,20200424  10:42:00,56.025,55.955,55.955,55.985
1,20200424  10:43:00,56.065,55.955,55.985,55.955
1,20200424  10:44:00,55.995,55.955,55.955,55.955
1,20200424  10:45:00,56.165,55.925,55.955,56.11
1,20200424  10:46:00,56.145,56.085,56.11,56.095
1,20200424  10:47:00,56.095,56.015,56.095,56.095
1,20200424  10:48:00,56.225,56.095,56.095,56.195
1,20200424  10:49:00,56.255,56.175,56.195,56.235
1,20200424  10:50:00,56.24,56.115,56.235,56.135
1,20200424  10:51:00,56.185,56.115,56.135,56.185
1,20200424  10:52:00,56.205,56.165,56.185,56.175
1,20200424  10:53:00,56.175,56.105,56.175,56.145
1,20200424  10:54:00,56.175,56.125,56.145,56.145
1,20200424  10:55:00,56.195,56.125,56.145,56.165
1,20200424  10:56:00,56.235,56.135,56.165,56.195
1,20200424  10:57:00,56.205,56.095,56.195,56.165
1,20200424  10:58:00,56.175,56.045,56.165,56.125
1,20200424  10:59:00,56.195,56.105,56.125,56.185
1,20200424  11:00:00,56.275,56.175,56.185,56.205
1,20200424  11:01:00,56.205,56.125,56.205,56.135
1,20200424  11:02:00,56.245,56.105,56.135,56.225
1,20200424  11:03:00,56.305,56.195,56.225,56.305
1,20200424  11:04:00,56.345,56.255,56.305,56.325
1,20200424  11:05:00,56.395,56.265,56.325,56.395
1,20200424  11:06:00,56.405,56.345,56.395,56.355
1,20200424  11:07:00,56.355,56.295,56.355,56.335
1,20200424  11:08:00,56.475,56.325,56.335,56.425
1,20200424  11:09:00,56.535,56.395,56.425,56.535
1,20200424  11:10:00,56.535,56.405,56.535,56.465
1,20200424  11:11:00,56.495,56.425,56.465,56.425
1,20200424  11:12:00,56.445,56.385,56.425,56.425
1,20200424  11:13:00,56.465,56.385,56.425,56.405
1,20200424  11:14:00,56.465,56.405,56.405,56.455
1,20200424  11:15:00,56.555,56.425,56.455,56.455
1,20200424  11:16:00,56.505,56.445,56.455,56.475
1,20200424  11:17:00,56.575,56.465,56.475,56.555
1,20200424  11:18:00,56.595,56.465,56.555,56.485
1,20200424  11:19:00,56.555,56.485,56.485,56.545
1,20200424  11:20:00,56.545,56.375,56.545,56.415
1,20200424  11:21:00,56.495,56.405,56.415,56.455
1,20200424  11:22:00,56.455,56.415,56.455,56.435
1,20200424  11:23:00,56.465,56.395,56.435,56.425
1,20200424  11:24:00,56.485,56.425,56.425,56.425
1,20200424  11:25:00,56.445,56.375,56.425,56.385
1,20200424  11:26:00,56.395,56.315,56.385,56.325
1,20200424  11:27:00,56.415,56.325,56.325,56.405
1,20200424  11:28:00,56.505,56.395,56.405,56.505
1,20200424  11:29:00,56.545,56.485,56.505,56.515
1,20200424  11:30:00,56.525,56.455,56.515,56.485
1,20200424  11:31:00,56.495,56.325,56.485,56.355
1,20200424  11:32:00,56.385,56.345,56.355,56.345
1,20200424  11:33:00,56.395,56.345,56.345,56.375
1,20200424  11:34:00,56.385,56.315,56.375,56.365
1,20200424  11:35:00,56.375,56.285,56.365,56.315
1,20200424  11:36:00,56.345,56.255,56.315,56.265
1,20200424  11:37:00,56.295,56.225,56.265,56.295
1,20200424  11:38:00,56.385,56.295,56.295,56.385
1,20200424  11:39:00,56.385,56.305,56.385,56.325
1,20200424  11:40:00,56.355,56.305,56.325,56.325
1,20200424  11:41:00,56.335,56.235,56.325,56.305
1,20200424  11:42:00,56.365,56.305,56.305,56.365
1,20200424  11:43:00,56.425,56.355,56.365,56.415
1,20200424  11:44:00,56.415,56.345,56.415,56.345
1,20200424  11:45:00,56.355,56.305,56.345,56.335
1,20200424  11:46:00,56.365,56.305,56.335,56.325
1,20200424  11:47:00,56.365,56.315,56.325,56.365
1,20200424  11:48:00,56.395,56.345,56.365,56.365
1,20200424  11:49:00,56.375,56.325,56.365,56.325
1,20200424  11:50:00,56.355,56.305,56.325,56.305
1,20200424  11:51:00,56.305,56.205,56.305,56.275
1,20200424  11:52:00,56.275,56.215,56.275,56.225
1,20200424  11:53:00,56.225,56.135,56.225,56.135
1,20200424  11:54:00,56.165,56.105,56.135,56.165
1,20200424  11:55:00,56.185,56.145,56.165,56.145
1,20200424  11:56:00,56.195,56.135,56.145,56.145
1,20200424  11:57:00,56.195,56.145,56.145,56.185
1,20200424  11:58:00,56.225,56.175,56.185,56.225
1,20200424  11:59:00,56.235,56.155,56.225,56.205
1,20200424  12:00:00,56.225,56.195,56.205,56.205
1,20200424  12:01:00,56.215,56.175,56.205,56.195
1,20200424  12:02:00,56.255,56.195,56.195,56.245
1,20200424  12:03:00,56.245,56.185,56.245,56.195
1,20200424  12:04:00,56.21,56.165,56.195,56.205
1,20200424  12:05:00,56.235,56.205,56.205,56.215
1,20200424  12:06:00,56.225,56.195,56.215,56.225
1,20200424  12:07:00,56.245,56.185,56.225,56.225
1,20200424  12:08:00,56.235,56.195,56.225,56.225
1,20200424  12:09:00,56.245,56.195,56.225,56.195
1,20200424  12:10:00,56.205,56.025,56.195,56.025
1,20200424  12:11:00,56.065,56.025,56.025,56.045
1,20200424  12:12:00,56.085,56.045,56.045,56.045
1,20200424  12:13:00,56.115,56.045,56.045,56.075
1,20200424  12:14:00,56.085,56.055,56.075,56.065
1,20200424  12:15:00,56.065,56.015,56.065,56.055
1,20200424  12:16:00,56.105,56.055,56.055,56.085
1,20200424  12:17:00,56.145,56.075,56.085,56.145
1,20200424  12:18:00,56.145,56.105,56.145,56.125
1,20200424  12:19:00,56.135,56.075,56.125,56.085
1,20200424  12:20:00,56.09,56.055,56.085,56.075
1,20200424  12:21:00,56.075,56.025,56.075,56.055
1,20200424  12:22:00,56.055,55.955,56.055,55.975
1,20200424  12:23:00,56.055,55.935,55.975,56.045
1,20200424  12:24:00,56.085,56.045,56.045,56.075
1,20200424  12:25:00,56.095,56.065,56.075,56.095
1,20200424  12:26:00,56.115,56.065,56.095,56.075
1,20200424  12:27:00,56.095,56.045,56.075,56.095
1,20200424  12:28:00,56.125,56.075,56.095,56.085
1,20200424  12:29:00,56.105,56.085,56.085,56.095
1,20200424  12:30:00,56.145,56.095,56.095,56.145
1,20200424  12:31:00,56.145,56.115,56.145,56.125
1,20200424  12:32:00,56.175,56.105,56.125,56.145
1,20200424  12:33:00,56.155,56.125,56.145,56.145
1,20200424  12:34:00,56.155,56.105,56.145,56.135
1,20200424  12:35:00,56.145,56.105,56.135,56.125
1,20200424  12:36:00,56.145,56.115,56.125,56.115
1,20200424  12:37:00,56.195,56.115,56.115,56.185
1,20200424  12:38:00,56.285,56.185,56.185,56.285
1,20200424  12:39:00,56.355,56.275,56.285,56.335
1,20200424  12:40:00,56.395,56.335,56.335,56.385
1,20200424  12:41:00,56.395,56.375,56.385,56.395
1,20200424  12:42:00,56.455,56.395,56.395,56.445
1,20200424  12:43:00,56.465,56.405,56.445,56.415
1,20200424  12:44:00,56.425,56.365,56.415,56.395
1,20200424  12:45:00,56.415,56.385,56.395,56.395
1,20200424  12:46:00,56.415,56.365,56.395,56.405
1,20200424  12:47:00,56.435,56.395,56.405,56.425
1,20200424  12:48:00,56.435,56.375,56.425,56.395
1,20200424  12:49:00,56.445,56.385,56.395,56.425
1,20200424  12:50:00,56.495,56.405,56.425,56.495
1,20200424  12:51:00,56.495,56.455,56.495,56.495
1,20200424  12:52:00,56.515,56.475,56.495,56.505
1,20200424  12:53:00,56.555,56.495,56.505,56.535
1,20200424  12:54:00,56.595,56.525,56.535,56.575
1,20200424  12:55:00,56.585,56.525,56.575,56.545
1,20200424  12:56:00,56.565,56.525,56.545,56.535
1,20200424  12:57:00,56.605,56.525,56.535,56.605
1,20200424  12:58:00,56.76,56.605,56.605,56.705
1,20200424  12:59:00,56.745,56.665,56.705,56.715
1,20200424  13:00:00,56.775,56.705,56.715,56.705
1,20200424  13:01:00,56.705,56.62,56.705,56.635
1,20200424  13:02:00,56.665,56.605,56.635,56.625
1,20200424  13:03:00,56.745,56.625,56.625,56.715
1,20200424  13:04:00,56.735,56.625,56.715,56.665
1,20200424  13:05:00,56.685,56.645,56.665,56.675
1,20200424  13:06:00,56.745,56.675,56.675,56.705
1,20200424  13:07:00,56.705,56.655,56.705,56.655
1,20200424  13:08:00,56.685,56.625,56.655,56.675
1,20200424  13:09:00,56.705,56.665,56.675,56.685
1,20200424  13:10:00,56.735,56.685,56.685,56.725
1,20200424  13:11:00,56.725,56.65,56.725,56.695
1,20200424  13:12:00,56.705,56.665,56.695,56.675
1,20200424  13:13:00,56.675,56.61,56.675,56.645
1,20200424  13:14:00,56.665,56.605,56.645,56.615
1,20200424  13:15:00,56.635,56.585,56.615,56.605
1,20200424  13:16:00,56.625,56.595,56.605,56.605
1,20200424  13:17:00,56.655,56.605,56.605,56.645
1,20200424  13:18:00,56.675,56.635,56.645,56.655
1,20200424  13:19:00,56.655,56.575,56.655,56.605
1,20200424  13:20:00,56.645,56.605,56.605,56.645
1,20200424  13:21:00,56.645,56.575,56.645,56.625
1,20200424  13:22:00,56.625,56.515,56.625,56.525
1,20200424  13:23:00,56.545,56.445,56.525,56.455
1,20200424  13:24:00,56.515,56.425,56.455,56.435
1,20200424  13:25:00,56.435,56.345,56.435,56.395
1,20200424  13:26:00,56.425,56.385,56.395,56.385
1,20200424  13:27:00,56.445,56.385,56.385,56.415
1,20200424  13:28:00,56.495,56.415,56.415,56.455
1,20200424  13:29:00,56.485,56.445,56.455,56.465
1,20200424  13:30:00,56.465,56.425,56.465,56.435
1,20200424  13:31:00,56.435,56.385,56.435,56.385
1,20200424  13:32:00,56.405,56.325,56.385,56.345
1,20200424  13:33:00,56.425,56.335,56.345,56.415
1,20200424  13:34:00,56.415,56.365,56.415,56.365
1,20200424  13:35:00,56.435,56.365,56.365,56.435
1,20200424  13:36:00,56.515,56.425,56.435,56.485
1,20200424  13:37:00,56.505,56.475,56.485,56.485
1,20200424  13:38:00,56.525,56.465,56.485,56.505
1,20200424  13:39:00,56.565,56.505,56.505,56.555
1,20200424  13:40:00,56.565,56.525,56.555,56.545
1,20200424  13:41:00,56.555,56.455,56.545,56.475
1,20200424  13:42:00,56.475,56.435,56.475,56.465
1,20200424  13:43:00,56.495,56.455,56.465,56.475
1,20200424  13:44:00,56.475,56.365,56.475,56.395
1,20200424  13:45:00,56.435,56.365,56.395,56.425
1,20200424  13:46:00,56.425,56.375,56.425,56.395
1,20200424  13:47:00,56.405,56.375,56.395,56.375
1,20200424  13:48:00,56.395,56.285,56.375,56.305
1,20200424  13:49:00,56.315,56.265,56.305,56.285
1,20200424  13:50:00,56.375,56.265,56.285,56.315
1,20200424  13:51:00,56.315,56.265,56.315,56.275
1,20200424  13:52:00,56.275,56.215,56.275,56.215
1,20200424  13:53:00,56.245,56.185,56.215,56.205
1,20200424  13:54:00,56.215,56.155,56.205,56.205
1,20200424  13:55:00,56.285,56.175,56.205,56.275
1,20200424  13:56:00,56.335,56.265,56.275,56.325
1,20200424  13:57:00,56.335,56.295,56.325,56.305
1,20200424  13:58:00,56.355,56.285,56.305,56.295
1,20200424  13:59:00,56.305,56.275,56.295,56.275
1,20200424  14:00:00,56.275,56.205,56.275,56.215
1,20200424  14:01:00,56.235,56.205,56.215,56.21
1,20200424  14:02:00,56.225,56.175,56.21,56.185
1,20200424  14:03:00,56.215,56.175,56.185,56.175
1,20200424  14:04:00,56.175,56.105,56.175,56.125
1,20200424  14:05:00,56.165,56.125,56.125,56.135
1,20200424  14:06:00,56.145,56.095,56.135,56.095
1,20200424  14:07:00,56.145,56.095,56.095,56.125
1,20200424  14:08:00,56.195,56.115,56.125,56.185
1,20200424  14:09:00,56.225,56.155,56.185,56.195
1,20200424  14:10:00,56.225,56.135,56.195,56.145
1,20200424  14:11:00,56.145,56.005,56.145,56.015
1,20200424  14:12:00,56.065,56.015,56.015,56.025
1,20200424  14:13:00,56.035,55.935,56.025,55.945
1,20200424  14:14:00,56.025,55.935,55.945,55.975
1,20200424  14:15:00,55.995,55.935,55.975,55.965
1,20200424  14:16:00,56.005,55.965,55.965,55.975
1,20200424  14:17:00,56.015,55.975,55.975,55.985
1,20200424  14:18:00,56.065,55.985,55.985,56.055
1,20200424  14:19:00,56.105,56.035,56.055,56.035
1,20200424  14:20:00,56.075,55.985,56.035,55.995
1,20200424  14:21:00,56.055,55.995,55.995,56.025
1,20200424  14:22:00,56.035,55.975,56.025,55.995
1,20200424  14:23:00,56.005,55.965,55.995,55.985
1,20200424  14:24:00,56.015,55.975,55.985,56.005
1,20200424  14:25:00,56.015,55.915,56.005,55.945
1,20200424  14:26:00,55.995,55.915,55.945,55.935
1,20200424  14:27:00,55.995,55.925,55.935,55.965
1,20200424  14:28:00,56.045,55.965,55.965,56.035
1,20200424  14:29:00,56.035,56.005,56.035,56.025
1,20200424  14:30:00,56.035,55.965,56.025,56.005
1,20200424  14:31:00,56.015,55.965,56.005,56.005
1,20200424  14:32:00,56.025,55.985,56.005,55.995
1,20200424  14:33:00,56.105,55.995,55.995,56.095
1,20200424  14:34:00,56.225,56.095,56.095,56.215
1,20200424  14:35:00,56.245,56.175,56.215,56.185
1,20200424  14:36:00,56.185,56.055,56.185,56.085
1,20200424  14:37:00,56.115,56.085,56.085,56.085
1,20200424  14:38:00,56.105,56.055,56.085,56.075
1,20200424  14:39:00,56.145,56.075,56.075,56.115
1,20200424  14:40:00,56.155,56.115,56.115,56.145
1,20200424  14:41:00,56.155,56.145,56.145,56.145
1,20200424  14:42:00,56.225,56.135,56.145,56.205
1,20200424  14:43:00,56.245,56.195,56.205,56.225
1,20200424  14:44:00,56.225,56.185,56.225,56.215
1,20200424  14:45:00,56.265,56.205,56.215,56.255
1,20200424  14:46:00,56.275,56.195,56.255,56.195
1,20200424  14:47:00,56.235,56.165,56.195,56.235
1,20200424  14:48:00,56.235,56.155,56.235,56.225
1,20200424  14:49:00,56.225,56.175,56.225,56.185
1,20200424  14:50:00,56.245,56.085,56.185,56.105
1,20200424  14:51:00,56.165,56.025,56.105,56.035
1,20200424  14:52:00,56.065,56.005,56.035,56.045
1,20200424  14:53:00,56.095,56.035,56.045,56.075
1,20200424  14:54:00,56.115,56.045,56.075,56.075
1,20200424  14:55:00,56.085,56.035,56.075,56.045
1,20200424  14:56:00,56.095,56.035,56.045,56.065
1,20200424  14:57:00,56.135,56.035,56.065,56.115
1,20200424  14:58:00,56.165,56.095,56.115,56.105
1,20200424  14:59:00,56.175,56.075,56.105,56.155
1,20200424  15:00:00,56.155,56.095,56.155,56.11
1,20200424  15:01:00,56.12,56.09,56.11,56.115
1,20200424  15:02:00,56.185,56.1,56.115,56.16
1,20200424  15:03:00,56.185,56.16,56.16,56.16
1,20200424  15:04:00,56.165,56.12,56.16,56.12
1,20200424  15:05:00,56.155,56.115,56.12,56.155
1,20200424  15:06:00,56.16,56.14,56.155,56.16
1,20200424  15:07:00,56.19,56.16,56.16,56.19
1,20200424  15:08:00,56.205,56.185,56.19,56.205
1,20200424  15:09:00,56.245,56.205,56.205,56.235
1,20200424  15:10:00,56.265,56.23,56.235,56.265
1,20200424  15:11:00,56.265,56.225,56.265,56.23
1,20200424  15:12:00,56.255,56.23,56.23,56.255
1,20200424  15:13:00,56.26,56.235,56.255,56.24
1,20200424  15:14:00,56.25,56.24,56.24,56.25
1,20200424  15:15:00,56.285,56.25,56.25,56.265
1,20200424  15:16:00,56.27,56.265,56.265,56.27
1,20200424  15:17:00,56.28,56.255,56.27,56.255
1,20200424  15:18:00,56.285,56.255,56.255,56.27
1,20200424  15:19:00,56.275,56.25,56.27,56.25
1,20200424  15:20:00,56.26,56.235,56.25,56.24
1,20200424  15:21:00,56.24,56.235,56.24,56.24
1,20200424  15:22:00,56.24,56.225,56.24,56.225
1,20200424  15:23:00,56.235,56.22,56.225,56.235
1,20200424  15:24:00,56.235,56.19,56.235,56.22
1,20200424  15:25:00,56.225,56.22,56.22,56.225
1,20200424  15:26:00,56.225,56.22,56.225,56.22
1,20200424  15:27:00,56.22,56.22,56.22,56.22
1,20200424  15:28:00,56.235,56.22,56.22,56.23
1,20200424  15:29:00,56.24,56.23,56.23,56.24
1,20200424  15:30:00,56.24,56.22,56.24,56.22
1,20200424  15:31:00,56.23,56.22,56.22,56.23
1,20200424  15:32:00,56.23,56.225,56.23,56.225
1,20200424  15:33:00,56.225,56.225,56.225,56.225
1,20200424  15:34:00,56.245,56.225,56.225,56.245
1,20200424  15:35:00,56.245,56.225,56.245,56.23
1,20200424  15:36:00,56.23,56.175,56.23,56.19
1,20200424  15:37:00,56.205,56.185,56.19,56.19
1,20200424  15:38:00,56.195,56.19,56.19,56.19
1,20200424  15:39:00,56.195,56.19,56.19,56.19
1,20200424  15:40:00,56.19,56.175,56.19,56.175
1,20200424  15:41:00,56.195,56.155,56.175,56.155
1,20200424  15:42:00,56.155,56.155,56.155,56.155
1,20200424  15:43:00,56.16,56.145,56.155,56.155
1,20200424  15:44:00,56.155,56.155,56.155,56.155
1,20200424  15:45:00,56.155,56.155,56.155,56.155
1,20200424  15:46:00,56.165,56.155,56.155,56.165
1,20200424  15:47:00,56.175,56.155,56.165,56.175
1,20200424  15:48:00,56.175,56.175,56.175,56.175
1,20200424  15:49:00,56.175,56.175,56.175,56.175
1,20200424  15:50:00,56.175,56.155,56.175,56.155
1,20200424  15:51:00,56.165,56.155,56.155,56.165
1,20200424  15:52:00,56.165,56.165,56.165,56.165
1,20200424  15:53:00,56.165,56.165,56.165,56.165
1,20200424  15:54:00,56.165,56.165,56.165,56.165
1,20200424  15:55:00,56.165,56.165,56.165,56.165
1,20200424  15:56:00,56.165,56.165,56.165,56.165
1,20200424  15:57:00,56.165,56.165,56.165,56.165
1,20200424  15:58:00,56.165,56.165,56.165,56.165
1,20200424  15:59:00,56.165,56.165,56.165,56.165
1,20200424  16:00:00,56.17,56.165,56.165,56.165
1,20200424  16:01:00,56.165,56.165,56.165,56.165
1,20200424  16:02:00,56.165,56.165,56.165,56.165
1,20200424  16:03:00,56.165,56.165,56.165,56.165
1,20200424  16:04:00,56.165,56.165,56.165,56.165
1,20200424  16:05:00,56.17,56.165,56.165,56.17
1,20200424  16:06:00,56.17,56.17,56.17,56.17
1,20200424  16:07:00,56.17,56.17,56.17,56.17
1,20200424  16:08:00,56.17,56.17,56.17,56.17
1,20200424  16:09:00,56.17,56.17,56.17,56.17
1,20200424  16:10:00,56.17,56.17,56.17,56.17
1,20200424  16:11:00,56.175,56.17,56.17,56.175
1,20200424  16:12:00,56.175,56.17,56.175,56.17
1,20200424  16:13:00,56.175,56.17,56.17,56.175
1,20200424  16:14:00,56.175,56.175,56.175,56.175
1,20200424  16:15:00,56.175,56.175,56.175,56.175
1,20200424  16:16:00,56.175,56.175,56.175,56.175
1,20200424  16:17:00,56.185,56.175,56.175,56.185
1,20200424  16:18:00,56.21,56.185,56.185,56.21
1,20200424  16:19:00,56.225,56.205,56.21,56.205
1,20200424  16:20:00,56.23,56.205,56.205,56.23
1,20200424  16:21:00,56.23,56.205,56.23,56.215
1,20200424  16:22:00,56.215,56.215,56.215,56.215
1,20200424  16:23:00,56.22,56.215,56.215,56.215
1,20200424  16:24:00,56.215,56.215,56.215,56.215
1,20200424  16:25:00,56.225,56.215,56.215,56.225
1,20200424  16:26:00,56.23,56.215,56.225,56.23
1,20200424  16:27:00,56.23,56.22,56.23,56.22
1,20200424  16:28:00,56.22,56.21,56.22,56.21
1,20200424  16:29:00,56.23,56.21,56.21,56.23
1,20200424  16:30:00,56.23,56.22,56.23,56.22
1,20200424  16:31:00,56.22,56.22,56.22,56.22
1,20200424  16:32:00,56.22,56.205,56.22,56.205
1,20200424  16:33:00,56.215,56.195,56.205,56.195
1,20200424  16:34:00,56.195,56.18,56.195,56.195
1,20200424  16:35:00,56.21,56.195,56.195,56.2
1,20200424  16:36:00,56.205,56.195,56.2,56.2
1,20200424  16:37:00,56.205,56.18,56.2,56.18
1,20200424  16:38:00,56.18,56.18,56.18,56.18
1,20200424  16:39:00,56.185,56.15,56.18,56.15
1,20200424  16:40:00,56.15,56.15,56.15,56.15
1,20200424  16:41:00,56.15,56.15,56.15,56.15
1,20200424  16:42:00,56.15,56.15,56.15,56.15
1,20200424  16:43:00,56.15,56.15,56.15,56.15
1,20200424  16:44:00,56.18,56.15,56.15,56.16
1,20200424  16:45:00,56.165,56.16,56.16,56.16
1,20200424  16:46:00,56.17,56.16,56.16,56.165
1,20200424  16:47:00,56.165,56.155,56.165,56.165
1,20200424  16:48:00,56.165,56.165,56.165,56.165
1,20200424  16:49:00,56.165,56.15,56.165,56.165
1,20200424  16:50:00,56.165,56.15,56.165,56.155
1,20200424  16:51:00,56.155,56.155,56.155,56.155
1,20200424  16:52:00,56.155,56.155,56.155,56.155
1,20200424  16:53:00,56.155,56.155,56.155,56.155
1,20200424  16:54:00,56.165,56.14,56.155,56.14
1,20200424  16:55:00,56.145,56.135,56.14,56.145
1,20200424  16:56:00,56.165,56.145,56.145,56.145
1,20200424  16:57:00,56.145,56.145,56.145,56.145
1,20200424  16:58:00,56.165,56.145,56.145,56.165
1,20200424  16:59:00,56.165,56.155,56.165,56.155
1,20200424  17:00:00,56.155,56.155,56.155,56.155
1,20200424  17:01:00,56.155,56.155,56.155,56.155
1,20200424  17:02:00,56.155,56.15,56.155,56.15
1,20200424  17:03:00,56.16,56.15,56.15,56.15
1,20200424  17:04:00,56.185,56.15,56.15,56.185
1,20200424  17:05:00,56.33,56.185,56.185,56.33
1,20200424  17:06:00,56.37,56.325,56.33,56.325
1,20200424  17:07:00,56.415,56.285,56.325,56.285
1,20200424  17:08:00,56.33,56.285,56.285,56.33
1,20200424  17:09:00,56.36,56.325,56.33,56.325
1,20200424  17:10:00,56.345,56.325,56.325,56.345
1,20200424  17:11:00,56.345,56.335,56.345,56.345
1,20200424  17:12:00,56.375,56.345,56.345,56.375
1,20200424  17:13:00,56.385,56.37,56.375,56.37
1,20200424  17:14:00,56.37,56.33,56.37,56.335
1,20200424  17:15:00,56.355,56.335,56.335,56.355
1,20200424  17:16:00,56.355,56.34,56.355,56.34
1,20200424  17:17:00,56.34,56.335,56.34,56.335
1,20200424  17:18:00,56.335,56.335,56.335,56.335
1,20200424  17:19:00,56.335,56.33,56.335,56.33
1,20200424  17:20:00,56.33,56.325,56.33,56.33
1,20200424  17:21:00,56.355,56.33,56.33,56.35
1,20200424  17:22:00,56.375,56.35,56.35,56.375
1,20200424  17:23:00,56.375,56.285,56.375,56.325
1,20200424  17:24:00,56.325,56.27,56.325,56.31
1,20200424  17:25:00,56.325,56.31,56.31,56.325
1,20200424  17:26:00,56.325,56.31,56.325,56.325
1,20200424  17:27:00,56.325,56.275,56.325,56.275
1,20200424  17:28:00,56.305,56.275,56.275,56.3
1,20200424  17:29:00,56.315,56.3,56.3,56.315
1,20200424  17:30:00,56.34,56.315,56.315,56.34
1,20200424  17:31:00,56.375,56.335,56.34,56.375
1,20200424  17:32:00,56.375,56.335,56.375,56.335
1,20200424  17:33:00,56.35,56.335,56.335,56.35
1,20200424  17:34:00,56.385,56.35,56.35,56.35
1,20200424  17:35:00,56.35,56.35,56.35,56.35
1,20200424  17:36:00,56.35,56.35,56.35,56.35
1,20200424  17:37:00,56.35,56.35,56.35,56.35
1,20200424  17:38:00,56.385,56.35,56.35,56.355
1,20200424  17:39:00,56.355,56.35,56.355,56.35
1,20200424  17:40:00,56.35,56.35,56.35,56.35
1,20200424  17:41:00,56.35,56.35,56.35,56.35
1,20200424  17:42:00,56.375,56.35,56.35,56.35
1,20200424  17:43:00,56.35,56.345,56.35,56.345
1,20200424  17:44:00,56.345,56.335,56.345,56.34
1,20200424  17:45:00,56.34,56.33,56.34,56.33
1,20200424  17:46:00,56.33,56.33,56.33,56.33
1,20200424  17:47:00,56.33,56.33,56.33,56.33
1,20200424  17:48:00,56.335,56.33,56.33,56.335
1,20200424  17:49:00,56.335,56.335,56.335,56.335
1,20200424  17:50:00,56.34,56.335,56.335,56.34
1,20200424  17:51:00,56.34,56.34,56.34,56.34
1,20200424  17:52:00,56.35,56.34,56.34,56.35
1,20200424  17:53:00,56.365,56.34,56.35,56.355
1,20200424  17:54:00,56.355,56.335,56.355,56.335
1,20200424  17:55:00,56.335,56.31,56.335,56.31
1,20200424  17:56:00,56.335,56.3,56.31,56.335
1,20200424  17:57:00,56.335,56.31,56.335,56.315
1,20200424  17:58:00,56.315,56.315,56.315,56.315
1,20200424  17:59:00,56.315,56.31,56.315,56.31
1,20200424  18:00:00,56.31,56.31,56.31,56.31
1,20200424  18:01:00,56.31,56.31,56.31,56.31
1,20200424  18:02:00,56.31,56.31,56.31,56.31
1,20200424  18:03:00,56.31,56.31,56.31,56.31
1,20200424  18:04:00,56.31,56.31,56.31,56.31
1,20200424  18:05:00,56.31,56.31,56.31,56.31
1,20200424  18:06:00,56.31,56.31,56.31,56.31
1,20200424  18:07:00,56.32,56.31,56.31,56.32
1,20200424  18:08:00,56.32,56.32,56.32,56.32
1,20200424  18:09:00,56.32,56.32,56.32,56.32
1,20200424  18:10:00,56.32,56.32,56.32,56.32
1,20200424  18:11:00,56.32,56.32,56.32,56.32
1,20200424  18:12:00,56.325,56.31,56.32,56.325
1,20200424  18:13:00,56.335,56.325,56.325,56.33
1,20200424  18:14:00,56.335,56.33,56.33,56.335
1,20200424  18:15:00,56.34,56.33,56.335,56.34
1,20200424  18:16:00,56.34,56.34,56.34,56.34
1,20200424  18:17:00,56.345,56.33,56.34,56.345
1,20200424  18:18:00,56.345,56.325,56.345,56.325
1,20200424  18:19:00,56.325,56.325,56.325,56.325
1,20200424  18:20:00,56.325,56.325,56.325,56.325
1,20200424  18:21:00,56.325,56.325,56.325,56.325
1,20200424  18:22:00,56.325,56.32,56.325,56.32
1,20200424  18:23:00,56.34,56.32,56.32,56.34
1,20200424  18:24:00,56.34,56.34,56.34,56.34
1,20200424  18:25:00,56.34,56.34,56.34,56.34
1,20200424  18:26:00,56.34,56.34,56.34,56.34
1,20200424  18:27:00,56.34,56.34,56.34,56.34
1,20200424  18:28:00,56.34,56.34,56.34,56.34
1,20200424  18:29:00,56.34,56.335,56.34,56.335
1,20200424  18:30:00,56.335,56.335,56.335,56.335
1,20200424  18:31:00,56.335,56.335,56.335,56.335
1,20200424  18:32:00,56.335,56.32,56.335,56.32
1,20200424  18:33:00,56.32,56.32,56.32,56.32
1,20200424  18:34:00,56.32,56.32,56.32,56.32
1,20200424  18:35:00,56.32,56.27,56.32,56.27
1,20200424  18:36:00,56.27,56.27,56.27,56.27
1,20200424  18:37:00,56.305,56.27,56.27,56.305
1,20200424  18:38:00,56.305,56.265,56.305,56.285
1,20200424  18:39:00,56.285,56.285,56.285,56.285
1,20200424  18:40:00,56.285,56.255,56.285,56.255
1,20200424  18:41:00,56.255,56.255,56.255,56.255
1,20200424  18:42:00,56.255,56.255,56.255,56.255
1,20200424  18:43:00,56.26,56.255,56.255,56.26
1,20200424  18:44:00,56.26,56.255,56.26,56.255
1,20200424  18:45:00,56.285,56.255,56.255,56.285
1,20200424  18:46:00,56.295,56.28,56.285,56.28
1,20200424  18:47:00,56.295,56.28,56.28,56.295
1,20200424  18:48:00,56.31,56.295,56.295,56.31
1,20200424  18:49:00,56.32,56.31,56.31,56.315
1,20200424  18:50:00,56.315,56.315,56.315,56.315
1,20200424  18:51:00,56.315,56.31,56.315,56.31
1,20200424  18:52:00,56.32,56.31,56.31,56.32
1,20200424  18:53:00,56.335,56.32,56.32,56.33
1,20200424  18:54:00,56.34,56.33,56.33,56.34
1,20200424  18:55:00,56.34,56.32,56.34,56.32
1,20200424  18:56:00,56.42,56.32,56.32,56.405
1,20200424  18:57:00,56.405,56.375,56.405,56.375
1,20200424  18:58:00,56.41,56.365,56.375,56.375
1,20200424  18:59:00,56.375,56.365,56.375,56.365
