1,20200723  09:27:43,385.175,385.155,385.175,385.165
1,20200723  09:27:44,385.165,385.135,385.165,385.14
1,20200723  09:27:45,385.14,385.12,385.14,385.125
1,20200723  09:27:46,385.17,385.125,385.125,385.155
1,20200723  09:27:47,385.155,385.135,385.155,385.145
1,20200723  09:27:48,385.165,385.14,385.145,385.165
1,20200723  09:27:49,385.2,385.165,385.165,385.185
1,20200723  09:27:50,385.19,385.185,385.185,385.19
1,20200723  09:27:51,385.2,385.185,385.19,385.19
1,20200723  09:27:52,385.19,385.19,385.19,385.19
1,20200723  09:27:53,385.2,385.19,385.19,385.19
1,20200723  09:27:54,385.19,385.175,385.19,385.18
1,20200723  09:27:55,385.18,385.18,385.18,385.18
1,20200723  09:27:56,385.18,385.135,385.18,385.145
1,20200723  09:27:57,385.155,385.12,385.145,385.12
1,20200723  09:27:58,385.175,385.12,385.12,385.13
1,20200723  09:27:59,385.16,385.13,385.13,385.135
1,20200723  09:28:00,385.145,385.125,385.135,385.135
1,20200723  09:28:01,385.135,385.06,385.135,385.075
1,20200723  09:28:02,385.075,384.955,385.075,384.965
1,20200723  09:28:03,384.965,384.865,384.965,384.885
1,20200723  09:28:04,384.9,384.865,384.885,384.87
1,20200723  09:28:05,384.97,384.87,384.87,384.905
1,20200723  09:28:06,384.905,384.845,384.905,384.89
1,20200723  09:28:07,384.935,384.88,384.89,384.92
1,20200723  09:28:08,385.02,384.92,384.92,385.01
1,20200723  09:28:09,385.07,385.01,385.01,385.035
1,20200723  09:28:10,385.035,385.0,385.035,385.02
1,20200723  09:28:11,385.02,384.975,385.02,384.975
1,20200723  09:28:12,384.98,384.975,384.975,384.98
1,20200723  09:28:13,384.985,384.98,384.98,384.985
1,20200723  09:28:14,385.025,384.985,384.985,385.02
1,20200723  09:28:15,385.08,385.02,385.02,385.065
1,20200723  09:28:16,385.065,385.055,385.065,385.055
1,20200723  09:28:17,385.055,384.975,385.055,384.98
1,20200723  09:28:18,384.985,384.97,384.98,384.98
1,20200723  09:28:19,385.03,384.98,384.98,385.01
1,20200723  09:28:20,385.03,385.01,385.01,385.03
1,20200723  09:28:21,385.07,385.0,385.03,385.0
1,20200723  09:28:22,385.05,385.0,385.0,385.04
1,20200723  09:28:23,385.07,385.04,385.04,385.06
1,20200723  09:28:24,385.06,385.05,385.06,385.06
1,20200723  09:28:25,385.085,385.06,385.06,385.065
1,20200723  09:28:26,385.085,385.06,385.065,385.065
1,20200723  09:28:27,385.065,385.06,385.065,385.065
1,20200723  09:28:28,385.105,385.065,385.065,385.105
1,20200723  09:28:29,385.15,385.105,385.105,385.15
1,20200723  09:28:30,385.17,385.15,385.15,385.155
1,20200723  09:28:31,385.165,385.155,385.155,385.155
1,20200723  09:28:32,385.28,385.155,385.155,385.265
1,20200723  09:28:33,385.265,385.25,385.265,385.25
1,20200723  09:28:34,385.265,385.24,385.25,385.245
1,20200723  09:28:35,385.265,385.215,385.245,385.25
1,20200723  09:28:36,385.375,385.25,385.25,385.335
1,20200723  09:28:37,385.355,385.315,385.335,385.35
1,20200723  09:28:38,385.355,385.345,385.35,385.355
1,20200723  09:28:39,385.355,385.34,385.355,385.345
1,20200723  09:28:40,385.345,385.31,385.345,385.315
1,20200723  09:28:41,385.315,385.28,385.315,385.295
1,20200723  09:28:42,385.305,385.265,385.295,385.265
A1,20200723  09:28:40,385.345,385.265,385.345,385.285
A1,20200723  09:28:45,385.285,385.18,385.285,385.195
A1,20200723  09:28:50,385.225,385.15,385.195,385.195
A1,20200723  09:28:55,385.275,385.195,385.195,385.27
A1,20200723  09:29:00,385.27,385.19,385.27,385.19
A1,20200723  09:29:05,385.235,385.185,385.19,385.225
A1,20200723  09:29:10,385.235,385.165,385.225,385.195
A1,20200723  09:29:15,385.195,385.035,385.195,385.115
A1,20200723  09:29:20,385.115,385.045,385.115,385.065
A1,20200723  09:29:25,385.17,385.035,385.065,385.075
A1,20200723  09:29:30,385.08,385.02,385.075,385.045
A1,20200723  09:29:35,385.045,384.94,385.045,384.94
A1,20200723  09:29:40,385.0,384.855,384.94,384.885
A1,20200723  09:29:45,384.93,384.885,384.885,384.915
A1,20200723  09:29:50,385.09,384.905,384.915,385.065
A1,20200723  09:29:55,385.12,385.055,385.065,385.055
A1,20200723  09:30:00,385.12,385.055,385.055,385.105
A1,20200723  09:30:05,385.265,385.1,385.105,385.2
