62,27042020  12:22:12,0,1545012236,0,PreSubmitted,0.0,10.0,0.0,0.0
63,27042020  12:22:12,62,1545012237,0,PreSubmitted,0.0,10.0,0.0,0.0
63,27042020  12:22:12,62,1545012237,0,PreSubmitted,0.0,10.0,0.0,0.0
63,27042020  12:22:12,62,1545012237,0,PreSubmitted,0.0,10.0,0.0,0.0
62,27042020  12:22:12,0,1545012236,0,Submitted,0.0,10.0,0.0,0.0
64,27042020  12:22:12,62,1545012238,0,PreSubmitted,0.0,10.0,0.0,0.0
64,27042020  12:22:12,62,1545012238,0,PreSubmitted,0.0,10.0,0.0,0.0
63,27042020  12:22:41,62,1545012237,0,PreSubmitted,0.0,10.0,0.0,0.0
64,27042020  12:22:41,62,1545012238,0,PreSubmitted,0.0,10.0,0.0,0.0
64,27042020  12:22:41,62,1545012238,0,PreSubmitted,0.0,10.0,0.0,0.0
64,27042020  12:22:41,62,1545012238,0,PreSubmitted,0.0,10.0,0.0,0.0
62,27042020  12:22:41,0,1545012236,0,Filled,10.0,0.0,1.0825,1.0825
62,27042020  12:22:41,0,1545012236,0,Filled,10.0,0.0,1.0825,1.0825
63,27042020  12:22:41,62,1545012237,0,PreSubmitted,0.0,10.0,0.0,0.0
63,27042020  12:22:41,62,1545012237,0,Submitted,0.0,10.0,0.0,0.0
64,27042020  12:22:42,62,1545012238,0,PreSubmitted,0.0,10.0,0.0,0.0
64,27042020  12:22:43,62,1545012238,0,Submitted,0.0,10.0,0.0,0.0
63,27042020  12:23:27,62,1545012237,0,PendingCancel,0.0,0.0,0.0,0.0
63,27042020  12:23:27,62,1545012237,0,PendingCancel,0.0,0.0,0.0,0.0
64,27042020  12:23:27,62,1545012238,0,Filled,10.0,0.0,1.08233,1.08233
64,27042020  12:23:27,62,1545012238,0,Filled,10.0,0.0,1.08233,1.08233
63,27042020  12:23:27,62,1545012237,0,Cancelled,0.0,0.0,0.0,0.0
