1,20200723  09:29:40,385.0,384.93,384.94,384.99
1,20200723  09:29:41,384.99,384.915,384.99,384.915
1,20200723  09:29:42,384.985,384.915,384.915,384.95
1,20200723  09:29:43,384.955,384.855,384.95,384.87
1,20200723  09:29:44,384.89,384.86,384.87,384.885
1,20200723  09:29:45,384.93,384.885,384.885,384.9
1,20200723  09:29:46,384.9,384.9,384.9,384.9
1,20200723  09:29:47,384.9,384.9,384.9,384.9
1,20200723  09:29:48,384.915,384.9,384.9,384.91
1,20200723  09:29:49,384.915,384.91,384.91,384.915
1,20200723  09:29:50,384.96,384.905,384.915,384.95
1,20200723  09:29:51,385.03,384.95,384.95,385.03
1,20200723  09:29:52,385.035,385.02,385.03,385.03
1,20200723  09:29:53,385.075,385.03,385.03,385.07
1,20200723  09:29:54,385.09,385.065,385.07,385.065
1,20200723  09:29:55,385.12,385.06,385.065,385.1
1,20200723  09:29:56,385.1,385.08,385.1,385.08
1,20200723  09:29:57,385.08,385.065,385.08,385.065
1,20200723  09:29:58,385.065,385.065,385.065,385.065
1,20200723  09:29:59,385.065,385.055,385.065,385.055
1,20200723  09:30:00,385.08,385.055,385.055,385.075
1,20200723  09:30:01,385.12,385.075,385.075,385.11
1,20200723  09:30:02,385.11,385.055,385.11,385.07
1,20200723  09:30:03,385.09,385.06,385.07,385.06
1,20200723  09:30:04,385.105,385.06,385.06,385.105
1,20200723  09:30:05,385.18,385.1,385.105,385.18
1,20200723  09:30:06,385.26,385.18,385.18,385.235
1,20200723  09:30:07,385.265,385.235,385.235,385.235
1,20200723  09:30:08,385.235,385.205,385.235,385.205
1,20200723  09:30:09,385.205,385.2,385.205,385.2
1,20200723  09:30:10,385.205,385.2,385.2,385.2
1,20200723  09:30:11,385.205,385.2,385.2,385.205
1,20200723  09:30:12,385.225,385.205,385.205,385.225
1,20200723  09:30:13,385.225,385.18,385.225,385.19
1,20200723  09:30:14,385.19,385.175,385.19,385.175
1,20200723  09:30:15,385.175,385.125,385.175,385.135
1,20200723  09:30:16,385.14,385.13,385.135,385.13
1,20200723  09:30:17,385.135,385.105,385.13,385.115
1,20200723  09:30:18,385.115,385.085,385.115,385.085
1,20200723  09:30:19,385.085,385.025,385.085,385.025
1,20200723  09:30:20,385.035,384.995,385.025,385.015
1,20200723  09:30:21,385.05,385.015,385.015,385.045
1,20200723  09:30:22,385.045,385.04,385.045,385.04
1,20200723  09:30:23,385.045,385.04,385.04,385.04
1,20200723  09:30:24,385.04,385.035,385.04,385.035
1,20200723  09:30:25,385.065,385.035,385.035,385.05
1,20200723  09:30:26,385.05,385.05,385.05,385.05
1,20200723  09:30:27,385.07,385.05,385.05,385.07
1,20200723  09:30:28,385.07,385.055,385.07,385.055
1,20200723  09:30:29,385.06,385.055,385.055,385.06
1,20200723  09:30:30,385.06,385.06,385.06,385.06
1,20200723  09:30:31,385.06,385.06,385.06,385.06
1,20200723  09:30:32,385.06,385.06,385.06,385.06
1,20200723  09:30:33,385.06,385.05,385.06,385.055
1,20200723  09:30:34,385.055,385.01,385.055,385.025
1,20200723  09:30:35,385.055,385.015,385.025,385.055
1,20200723  09:30:36,385.055,385.05,385.055,385.05
1,20200723  09:30:37,385.05,385.04,385.05,385.04
1,20200723  09:30:38,385.045,385.035,385.04,385.045
1,20200723  09:30:39,385.045,385.045,385.045,385.045
A1,20200723  09:30:40,385.045,384.995,385.045,385.01
A1,20200723  09:30:45,385.055,384.99,385.01,385.045
A1,20200723  09:30:50,385.17,385.035,385.045,385.13
A1,20200723  09:30:55,385.13,385.09,385.13,385.095
A1,20200723  09:31:00,385.16,385.095,385.095,385.135
A1,20200723  09:31:05,385.175,385.135,385.135,385.16
A1,20200723  09:31:10,385.32,385.16,385.16,385.31
A1,20200723  09:31:15,385.31,385.195,385.31,385.23
A1,20200723  09:31:20,385.34,385.22,385.23,385.3
A1,20200723  09:31:25,385.34,385.28,385.3,385.305
A1,20200723  09:31:30,385.315,385.265,385.305,385.285
A1,20200723  09:31:35,385.315,385.225,385.285,385.245
A1,20200723  09:31:40,385.265,385.21,385.245,385.23
A1,20200723  09:31:45,385.255,385.21,385.23,385.21
A1,20200723  09:31:50,385.305,385.21,385.21,385.29
A1,20200723  09:31:55,385.33,385.275,385.29,385.295
