133,23072020  09:21:30,131,789158209,0,PreSubmitted,0.0,1.0,0.0,0.0
131,23072020  09:21:30,0,789158208,0,Submitted,0.0,1.0,0.0,0.0
133,23072020  09:21:31,131,789158209,0,PreSubmitted,0.0,1.0,0.0,0.0
133,23072020  09:21:31,131,789158209,0,PreSubmitted,0.0,1.0,0.0,0.0
133,23072020  09:21:31,131,789158209,0,PreSubmitted,0.0,1.0,0.0,0.0
131,23072020  09:21:31,0,789158208,0,Filled,1.0,0.0,1.98,1.98
131,23072020  09:21:31,0,789158208,0,Filled,1.0,0.0,1.98,1.98
133,23072020  09:21:33,131,789158209,0,PendingSubmit,0.0,1.0,0.0,0.0
133,23072020  09:21:33,131,789158209,0,PendingSubmit,0.0,1.0,0.0,0.0
133,23072020  09:21:33,131,789158209,0,Submitted,0.0,1.0,0.0,0.0
133,23072020  09:21:33,131,789158209,0,Filled,1.0,0.0,1.95,1.95
133,23072020  09:21:33,131,789158209,0,Filled,1.0,0.0,1.95,1.95
