100,27042020  13:23:47,98,704061467,0,Submitted,0.0,10.0,0.0,0.0
99,27042020  13:23:47,98,704061466,0,Submitted,0.0,10.0,0.0,0.0
101,27042020  13:24:00,0,704061468,0,PreSubmitted,0.0,10.0,0.0,0.0
102,27042020  13:24:00,101,704061469,0,PreSubmitted,0.0,10.0,0.0,0.0
102,27042020  13:24:00,101,704061469,0,PreSubmitted,0.0,10.0,0.0,0.0
102,27042020  13:24:00,101,704061469,0,PreSubmitted,0.0,10.0,0.0,0.0
103,27042020  13:24:00,101,704061470,0,PendingSubmit,0.0,10.0,0.0,0.0
103,27042020  13:24:00,101,704061470,0,PreSubmitted,0.0,10.0,0.0,0.0
102,27042020  13:24:00,101,704061469,0,PreSubmitted,0.0,10.0,0.0,0.0
103,27042020  13:24:00,101,704061470,0,PendingSubmit,0.0,10.0,0.0,0.0
102,27042020  13:24:00,101,704061469,0,PreSubmitted,0.0,10.0,0.0,0.0
103,27042020  13:24:00,101,704061470,0,PreSubmitted,0.0,10.0,0.0,0.0
102,27042020  13:24:05,101,704061469,0,PreSubmitted,0.0,10.0,0.0,0.0
103,27042020  13:24:05,101,704061470,0,PreSubmitted,0.0,10.0,0.0,0.0
102,27042020  13:24:05,101,704061469,0,PreSubmitted,0.0,10.0,0.0,0.0
103,27042020  13:24:06,101,704061470,0,PreSubmitted,0.0,10.0,0.0,0.0
102,27042020  13:24:10,101,704061469,0,PendingSubmit,0.0,10.0,0.0,0.0
103,27042020  13:24:10,101,704061470,0,PendingSubmit,0.0,10.0,0.0,0.0
102,27042020  13:24:10,101,704061469,0,PreSubmitted,0.0,10.0,0.0,0.0
103,27042020  13:24:10,101,704061470,0,PreSubmitted,0.0,10.0,0.0,0.0
99,27042020  13:24:13,98,704061466,0,PendingCancel,0.0,0.0,0.0,0.0
99,27042020  13:24:13,98,704061466,0,PendingCancel,0.0,0.0,0.0,0.0
100,27042020  13:24:13,98,704061467,0,Filled,10.0,0.0,1.08275,1.08275
101,27042020  13:24:13,0,704061468,0,Submitted,0.0,10.0,0.0,0.0
100,27042020  13:24:13,98,704061467,0,Filled,10.0,0.0,1.08275,1.08275
99,27042020  13:24:13,98,704061466,0,Cancelled,0.0,0.0,0.0,0.0
102,27042020  13:24:16,101,704061469,0,PreSubmitted,0.0,10.0,0.0,0.0
103,27042020  13:24:16,101,704061470,0,PreSubmitted,0.0,10.0,0.0,0.0
102,27042020  13:24:20,101,704061469,0,PreSubmitted,0.0,10.0,0.0,0.0
103,27042020  13:24:20,101,704061470,0,PreSubmitted,0.0,10.0,0.0,0.0
102,27042020  13:24:20,101,704061469,0,PreSubmitted,0.0,10.0,0.0,0.0
103,27042020  13:24:21,101,704061470,0,PreSubmitted,0.0,10.0,0.0,0.0
102,27042020  13:24:25,101,704061469,0,PreSubmitted,0.0,10.0,0.0,0.0
103,27042020  13:24:25,101,704061470,0,PendingSubmit,0.0,10.0,0.0,0.0
102,27042020  13:24:25,101,704061469,0,PreSubmitted,0.0,10.0,0.0,0.0
103,27042020  13:24:26,101,704061470,0,PreSubmitted,0.0,10.0,0.0,0.0
102,27042020  13:24:30,101,704061469,0,PreSubmitted,0.0,10.0,0.0,0.0
103,27042020  13:24:30,101,704061470,0,PreSubmitted,0.0,10.0,0.0,0.0
102,27042020  13:24:30,101,704061469,0,PreSubmitted,0.0,10.0,0.0,0.0
103,27042020  13:24:30,101,704061470,0,PreSubmitted,0.0,10.0,0.0,0.0
102,27042020  13:24:35,101,704061469,0,PreSubmitted,0.0,10.0,0.0,0.0
103,27042020  13:24:35,101,704061470,0,PreSubmitted,0.0,10.0,0.0,0.0
102,27042020  13:24:35,101,704061469,0,PreSubmitted,0.0,10.0,0.0,0.0
103,27042020  13:24:35,101,704061470,0,PreSubmitted,0.0,10.0,0.0,0.0
102,27042020  13:24:40,101,704061469,0,PreSubmitted,0.0,10.0,0.0,0.0
103,27042020  13:24:40,101,704061470,0,PreSubmitted,0.0,10.0,0.0,0.0
102,27042020  13:24:40,101,704061469,0,PreSubmitted,0.0,10.0,0.0,0.0
103,27042020  13:24:40,101,704061470,0,PreSubmitted,0.0,10.0,0.0,0.0
102,27042020  13:24:45,101,704061469,0,PreSubmitted,0.0,10.0,0.0,0.0
103,27042020  13:24:45,101,704061470,0,PreSubmitted,0.0,10.0,0.0,0.0
102,27042020  13:24:45,101,704061469,0,PreSubmitted,0.0,10.0,0.0,0.0
103,27042020  13:24:45,101,704061470,0,PreSubmitted,0.0,10.0,0.0,0.0
102,27042020  13:24:50,101,704061469,0,PendingSubmit,0.0,10.0,0.0,0.0
103,27042020  13:24:50,101,704061470,0,PendingSubmit,0.0,10.0,0.0,0.0
102,27042020  13:24:50,101,704061469,0,PreSubmitted,0.0,10.0,0.0,0.0
103,27042020  13:24:50,101,704061470,0,PreSubmitted,0.0,10.0,0.0,0.0
102,27042020  13:24:55,101,704061469,0,PreSubmitted,0.0,10.0,0.0,0.0
103,27042020  13:24:55,101,704061470,0,PreSubmitted,0.0,10.0,0.0,0.0
102,27042020  13:24:55,101,704061469,0,PreSubmitted,0.0,10.0,0.0,0.0
103,27042020  13:24:55,101,704061470,0,PreSubmitted,0.0,10.0,0.0,0.0
102,27042020  13:25:00,101,704061469,0,PreSubmitted,0.0,10.0,0.0,0.0
103,27042020  13:25:00,101,704061470,0,PreSubmitted,0.0,10.0,0.0,0.0
102,27042020  13:25:01,101,704061469,0,PreSubmitted,0.0,10.0,0.0,0.0
103,27042020  13:25:01,101,704061470,0,PreSubmitted,0.0,10.0,0.0,0.0
102,27042020  13:25:05,101,704061469,0,PreSubmitted,0.0,10.0,0.0,0.0
103,27042020  13:25:05,101,704061470,0,PreSubmitted,0.0,10.0,0.0,0.0
102,27042020  13:25:05,101,704061469,0,PreSubmitted,0.0,10.0,0.0,0.0
103,27042020  13:25:05,101,704061470,0,PreSubmitted,0.0,10.0,0.0,0.0
102,27042020  13:25:10,101,704061469,0,PreSubmitted,0.0,10.0,0.0,0.0
103,27042020  13:25:10,101,704061470,0,PreSubmitted,0.0,10.0,0.0,0.0
102,27042020  13:25:10,101,704061469,0,PreSubmitted,0.0,10.0,0.0,0.0
103,27042020  13:25:10,101,704061470,0,PreSubmitted,0.0,10.0,0.0,0.0
102,27042020  13:25:15,101,704061469,0,PreSubmitted,0.0,10.0,0.0,0.0
103,27042020  13:25:15,101,704061470,0,PreSubmitted,0.0,10.0,0.0,0.0
102,27042020  13:25:16,101,704061469,0,PreSubmitted,0.0,10.0,0.0,0.0
103,27042020  13:25:16,101,704061470,0,PreSubmitted,0.0,10.0,0.0,0.0
102,27042020  13:25:20,101,704061469,0,PreSubmitted,0.0,10.0,0.0,0.0
103,27042020  13:25:20,101,704061470,0,PendingSubmit,0.0,10.0,0.0,0.0
102,27042020  13:25:20,101,704061469,0,PreSubmitted,0.0,10.0,0.0,0.0
103,27042020  13:25:20,101,704061470,0,PreSubmitted,0.0,10.0,0.0,0.0
102,27042020  13:25:25,101,704061469,0,PreSubmitted,0.0,10.0,0.0,0.0
103,27042020  13:25:25,101,704061470,0,PreSubmitted,0.0,10.0,0.0,0.0
102,27042020  13:25:26,101,704061469,0,PreSubmitted,0.0,10.0,0.0,0.0
103,27042020  13:25:26,101,704061470,0,PreSubmitted,0.0,10.0,0.0,0.0
102,27042020  13:25:27,101,704061469,0,PreSubmitted,0.0,10.0,0.0,0.0
103,27042020  13:25:27,101,704061470,0,PreSubmitted,0.0,10.0,0.0,0.0
103,27042020  13:25:27,101,704061470,0,PreSubmitted,0.0,10.0,0.0,0.0
103,27042020  13:25:27,101,704061470,0,PreSubmitted,0.0,10.0,0.0,0.0
101,27042020  13:25:27,0,704061468,0,Filled,10.0,0.0,1.08292,1.08292
101,27042020  13:25:27,0,704061468,0,Filled,10.0,0.0,1.08292,1.08292
102,27042020  13:25:27,101,704061469,0,PreSubmitted,0.0,10.0,0.0,0.0
102,27042020  13:25:27,101,704061469,0,Submitted,0.0,10.0,0.0,0.0
103,27042020  13:25:27,101,704061470,0,PreSubmitted,0.0,10.0,0.0,0.0
103,27042020  13:25:27,101,704061470,0,Submitted,0.0,10.0,0.0,0.0
102,27042020  13:25:30,101,704061469,0,Submitted,0.0,10.0,0.0,0.0
103,27042020  13:25:30,101,704061470,0,Submitted,0.0,10.0,0.0,0.0
102,27042020  13:25:30,101,704061469,0,Submitted,0.0,10.0,0.0,0.0
103,27042020  13:25:30,101,704061470,0,Submitted,0.0,10.0,0.0,0.0
102,27042020  13:25:35,101,704061469,0,Submitted,0.0,10.0,0.0,0.0
103,27042020  13:25:35,101,704061470,0,Submitted,0.0,10.0,0.0,0.0
102,27042020  13:25:36,101,704061469,0,Submitted,0.0,10.0,0.0,0.0
103,27042020  13:25:36,101,704061470,0,Submitted,0.0,10.0,0.0,0.0
102,27042020  13:25:39,101,704061469,0,PendingCancel,0.0,0.0,0.0,0.0
102,27042020  13:25:39,101,704061469,0,PendingCancel,0.0,0.0,0.0,0.0
103,27042020  13:25:39,101,704061470,0,Filled,10.0,0.0,1.08275,1.08275
103,27042020  13:25:39,101,704061470,0,Filled,10.0,0.0,1.08275,1.08275
102,27042020  13:25:39,101,704061469,0,Cancelled,0.0,0.0,0.0,0.0
