68,27042020  12:35:06,0,1545012242,0,PreSubmitted,0.0,10.0,0.0,0.0
69,27042020  12:35:06,68,1545012243,0,PreSubmitted,0.0,10.0,0.0,0.0
69,27042020  12:35:06,68,1545012243,0,PreSubmitted,0.0,10.0,0.0,0.0
69,27042020  12:35:06,68,1545012243,0,PreSubmitted,0.0,10.0,0.0,0.0
68,27042020  12:35:06,0,1545012242,0,Submitted,0.0,10.0,0.0,0.0
70,27042020  12:35:06,68,1545012244,0,PreSubmitted,0.0,10.0,0.0,0.0
70,27042020  12:35:06,68,1545012244,0,PreSubmitted,0.0,10.0,0.0,0.0
69,27042020  12:35:30,68,1545012243,0,PreSubmitted,0.0,10.0,0.0,0.0
70,27042020  12:35:30,68,1545012244,0,PreSubmitted,0.0,10.0,0.0,0.0
70,27042020  12:35:30,68,1545012244,0,PreSubmitted,0.0,10.0,0.0,0.0
70,27042020  12:35:30,68,1545012244,0,PreSubmitted,0.0,10.0,0.0,0.0
68,27042020  12:35:30,0,1545012242,0,Filled,10.0,0.0,1.08308,1.08308
68,27042020  12:35:30,0,1545012242,0,Filled,10.0,0.0,1.08308,1.08308
69,27042020  12:35:30,68,1545012243,0,PreSubmitted,0.0,10.0,0.0,0.0
69,27042020  12:35:30,68,1545012243,0,Submitted,0.0,10.0,0.0,0.0
70,27042020  12:35:30,68,1545012244,0,PreSubmitted,0.0,10.0,0.0,0.0
70,27042020  12:35:30,68,1545012244,0,Submitted,0.0,10.0,0.0,0.0
