70,27042020  12:35:33,68,1545012244,0,Submitted,0.0,10.0,0.0,0.0
69,27042020  12:35:33,68,1545012243,0,Submitted,0.0,10.0,0.0,0.0
71,27042020  12:35:37,0,1545012245,0,PreSubmitted,0.0,10.0,0.0,0.0
72,27042020  12:35:37,71,1545012246,0,PreSubmitted,0.0,10.0,0.0,0.0
72,27042020  12:35:37,71,1545012246,0,PreSubmitted,0.0,10.0,0.0,0.0
72,27042020  12:35:37,71,1545012246,0,PreSubmitted,0.0,10.0,0.0,0.0
73,27042020  12:35:37,71,1545012247,0,PreSubmitted,0.0,10.0,0.0,0.0
73,27042020  12:35:37,71,1545012247,0,PreSubmitted,0.0,10.0,0.0,0.0
69,27042020  12:35:59,68,1545012243,0,PendingCancel,0.0,0.0,0.0,0.0
69,27042020  12:35:59,68,1545012243,0,PendingCancel,0.0,0.0,0.0,0.0
70,27042020  12:35:59,68,1545012244,0,Filled,10.0,0.0,1.0829,1.0829
71,27042020  12:35:59,0,1545012245,0,Submitted,0.0,10.0,0.0,0.0
70,27042020  12:35:59,68,1545012244,0,Filled,10.0,0.0,1.0829,1.0829
69,27042020  12:35:59,68,1545012243,0,Cancelled,0.0,0.0,0.0,0.0
72,27042020  12:36:00,71,1545012246,0,PreSubmitted,0.0,10.0,0.0,0.0
73,27042020  12:36:00,71,1545012247,0,PreSubmitted,0.0,10.0,0.0,0.0
72,27042020  12:36:18,71,1545012246,0,PreSubmitted,0.0,10.0,0.0,0.0
73,27042020  12:36:18,71,1545012247,0,PreSubmitted,0.0,10.0,0.0,0.0
73,27042020  12:36:18,71,1545012247,0,PreSubmitted,0.0,10.0,0.0,0.0
73,27042020  12:36:18,71,1545012247,0,PreSubmitted,0.0,10.0,0.0,0.0
71,27042020  12:36:18,0,1545012245,0,Filled,10.0,0.0,1.08297,1.08297
71,27042020  12:36:18,0,1545012245,0,Filled,10.0,0.0,1.08297,1.08297
72,27042020  12:36:18,71,1545012246,0,PreSubmitted,0.0,10.0,0.0,0.0
72,27042020  12:36:18,71,1545012246,0,Submitted,0.0,10.0,0.0,0.0
73,27042020  12:36:19,71,1545012247,0,PreSubmitted,0.0,10.0,0.0,0.0
73,27042020  12:36:19,71,1545012247,0,Submitted,0.0,10.0,0.0,0.0
72,27042020  12:36:34,71,1545012246,0,PendingCancel,0.0,0.0,0.0,0.0
72,27042020  12:36:34,71,1545012246,0,PendingCancel,0.0,0.0,0.0,0.0
73,27042020  12:36:34,71,1545012247,0,Filled,10.0,0.0,1.0828,1.0828
73,27042020  12:36:34,71,1545012247,0,Filled,10.0,0.0,1.0828,1.0828
72,27042020  12:36:34,71,1545012246,0,Cancelled,0.0,0.0,0.0,0.0
