1,20200720  08:30:00,5.55,5.4,5.55,5.45
1,20200720  08:31:00,5.65,5.35,5.35,5.6
1,20200720  08:32:00,5.75,5.6,5.65,5.75
1,20200720  08:33:00,5.75,5.75,5.75,5.75
1,20200720  08:34:00,5.75,5.75,5.75,5.75
1,20200720  08:35:00,5.75,5.75,5.75,5.75
1,20200720  08:36:00,5.75,5.75,5.75,5.75
1,20200720  08:37:00,5.75,5.75,5.75,5.75
1,20200720  08:38:00,5.75,5.75,5.75,5.75
1,20200720  08:39:00,5.75,5.75,5.75,5.75
1,20200720  08:40:00,5.75,5.75,5.75,5.75
1,20200720  08:41:00,5.75,5.75,5.75,5.75
1,20200720  08:42:00,5.75,5.75,5.75,5.75
1,20200720  08:43:00,5.75,5.75,5.75,5.75
1,20200720  08:44:00,5.75,5.75,5.75,5.75
1,20200720  08:45:00,5.75,5.75,5.75,5.75
1,20200720  08:46:00,5.75,5.75,5.75,5.75
1,20200720  08:47:00,5.75,5.75,5.75,5.75
1,20200720  08:48:00,5.75,5.75,5.75,5.75
1,20200720  08:49:00,5.75,5.75,5.75,5.75
1,20200720  08:50:00,4.82,4.75,4.8,4.82
1,20200720  08:51:00,4.95,4.65,4.9,4.7
1,20200720  08:52:00,4.8,4.6,4.75,4.65
1,20200720  08:53:00,4.73,4.5,4.65,4.73
1,20200720  08:54:00,4.85,4.74,4.75,4.8
A1,20200720  08:54:00,4.85,4.7,4.75,4.7
A1,20200720  08:55:00,4.65,4.5,4.6,4.55
