110,20072020  08:45:53,0,1621466278,0,PreSubmitted,0.0,10.0,0.0,0.0
111,20072020  08:45:53,110,1621466279,0,PreSubmitted,0.0,10.0,0.0,0.0
111,20072020  08:45:53,110,1621466279,0,PreSubmitted,0.0,10.0,0.0,0.0
110,20072020  08:45:53,0,1621466278,0,PreSubmitted,0.0,10.0,0.0,0.0
111,20072020  08:45:53,110,1621466279,0,PreSubmitted,0.0,10.0,0.0,0.0
110,20072020  08:45:53,0,1621466278,0,Filled,10.0,0.0,1.1412,1.1412
110,20072020  08:45:53,0,1621466278,0,Filled,10.0,0.0,1.1412,1.1412
111,20072020  08:45:53,110,1621466279,0,PreSubmitted,0.0,10.0,0.0,0.0
111,20072020  08:45:53,110,1621466279,0,Submitted,0.0,10.0,0.0,0.0
112,20072020  08:45:53,110,1621466280,0,PreSubmitted,0.0,10.0,0.0,0.0
112,20072020  08:45:53,110,1621466280,0,Inactive,0.0,10.0,0.0,0.0
112,20072020  08:45:53,110,1621466280,0,Inactive,0.0,10.0,0.0,0.0
111,20072020  08:45:54,110,1621466279,0,Submitted,0.0,10.0,0.0,0.0
111,20072020  08:45:55,110,1621466279,0,Submitted,0.0,10.0,0.0,0.0
111,20072020  08:45:59,110,1621466279,0,Submitted,0.0,10.0,0.0,0.0
111,20072020  08:45:59,110,1621466279,0,Submitted,0.0,10.0,0.0,0.0
111,20072020  08:46:04,110,1621466279,0,Submitted,0.0,10.0,0.0,0.0
111,20072020  08:46:04,110,1621466279,0,Submitted,0.0,10.0,0.0,0.0
111,20072020  08:46:06,110,1621466279,0,Submitted,0.0,10.0,0.0,0.0
111,20072020  08:46:09,110,1621466279,0,Submitted,0.0,10.0,0.0,0.0
111,20072020  08:46:09,110,1621466279,0,Submitted,0.0,10.0,0.0,0.0
111,20072020  08:46:14,110,1621466279,0,Submitted,0.0,10.0,0.0,0.0
111,20072020  08:46:14,110,1621466279,0,Submitted,0.0,10.0,0.0,0.0
111,20072020  08:46:17,110,1621466279,0,Submitted,0.0,10.0,0.0,0.0
111,20072020  08:46:19,110,1621466279,0,Submitted,0.0,10.0,0.0,0.0
111,20072020  08:46:19,110,1621466279,0,Submitted,0.0,10.0,0.0,0.0
111,20072020  08:46:24,110,1621466279,0,Submitted,0.0,10.0,0.0,0.0
111,20072020  08:46:24,110,1621466279,0,Submitted,0.0,10.0,0.0,0.0
111,20072020  08:46:26,110,1621466279,0,Submitted,0.0,10.0,0.0,0.0
111,20072020  08:46:27,110,1621466279,0,Submitted,0.0,10.0,0.0,0.0
111,20072020  08:46:29,110,1621466279,0,Submitted,0.0,10.0,0.0,0.0
111,20072020  08:46:29,110,1621466279,0,PendingSubmit,0.0,10.0,0.0,0.0
111,20072020  08:46:29,110,1621466279,0,Submitted,0.0,10.0,0.0,0.0
111,20072020  08:46:34,110,1621466279,0,Submitted,0.0,10.0,0.0,0.0
111,20072020  08:46:34,110,1621466279,0,Submitted,0.0,10.0,0.0,0.0
111,20072020  08:46:34,110,1621466279,0,Submitted,0.0,10.0,0.0,0.0
111,20072020  08:46:39,110,1621466279,0,Submitted,0.0,10.0,0.0,0.0
111,20072020  08:46:39,110,1621466279,0,Submitted,0.0,10.0,0.0,0.0
111,20072020  08:46:44,110,1621466279,0,Submitted,0.0,10.0,0.0,0.0
111,20072020  08:46:45,110,1621466279,0,Submitted,0.0,10.0,0.0,0.0
111,20072020  08:46:49,110,1621466279,0,Submitted,0.0,10.0,0.0,0.0
111,20072020  08:46:49,110,1621466279,0,Submitted,0.0,10.0,0.0,0.0
111,20072020  08:46:50,110,1621466279,0,Submitted,0.0,10.0,0.0,0.0
111,20072020  08:46:52,110,1621466279,0,Submitted,0.0,10.0,0.0,0.0
111,20072020  08:46:54,110,1621466279,0,Submitted,0.0,10.0,0.0,0.0
111,20072020  08:46:54,110,1621466279,0,Submitted,0.0,10.0,0.0,0.0
111,20072020  08:46:59,110,1621466279,0,PendingSubmit,0.0,10.0,0.0,0.0
111,20072020  08:46:59,110,1621466279,0,Submitted,0.0,10.0,0.0,0.0
111,20072020  08:47:04,110,1621466279,0,PendingSubmit,0.0,10.0,0.0,0.0
111,20072020  08:47:04,110,1621466279,0,PendingSubmit,0.0,10.0,0.0,0.0
111,20072020  08:47:04,110,1621466279,0,Submitted,0.0,10.0,0.0,0.0
111,20072020  08:47:08,110,1621466279,0,Submitted,0.0,10.0,0.0,0.0
