16,27042020  11:26:00,15,1545012157,0,PreSubmitted,0.0,1.0,0.0,0.0
16,27042020  11:26:00,15,1545012157,0,PreSubmitted,0.0,1.0,0.0,0.0
15,27042020  11:26:00,0,1545012156,0,PreSubmitted,0.0,1.0,0.0,0.0
16,27042020  11:26:00,15,1545012157,0,PreSubmitted,0.0,1.0,0.0,0.0
15,27042020  11:26:00,0,1545012156,0,Filled,1.0,0.0,2.58,2.58
16,27042020  11:26:00,15,1545012157,0,PreSubmitted,0.0,1.0,0.0,0.0
16,27042020  11:26:00,15,1545012157,0,Submitted,0.0,1.0,0.0,0.0
15,27042020  11:26:00,0,1545012156,0,Filled,1.0,0.0,2.58,2.58
16,27042020  11:26:01,15,1545012157,0,Submitted,0.0,1.0,0.0,0.0
16,27042020  11:27:46,15,1545012157,0,Submitted,0.0,1.0,0.0,0.0
16,27042020  11:27:49,15,1545012157,0,Submitted,0.0,1.0,0.0,0.0
16,27042020  11:27:56,15,1545012157,0,Submitted,0.0,1.0,0.0,0.0
16,27042020  11:28:01,15,1545012157,0,Submitted,0.0,1.0,0.0,0.0
16,27042020  11:28:02,15,1545012157,0,Submitted,0.0,1.0,0.0,0.0
16,27042020  11:28:10,15,1545012157,0,PendingSubmit,1.0,0.0,2.51,2.51
16,27042020  11:28:10,15,1545012157,0,Filled,1.0,0.0,2.51,2.51
16,27042020  11:28:10,15,1545012157,0,Filled,1.0,0.0,2.51,2.51
