1010101440,21042020  19:57:23,1010101438,1959818320,0,PreSubmitted,0.0,100.0,0.0,0.0
1010101442,21042020  19:57:23,1010101441,1959818322,0,Submitted,0.0,100.0,0.0,0.0
1010101443,21042020  19:57:23,1010101441,1959818323,0,PreSubmitted,0.0,100.0,0.0,0.0
1010101445,21042020  19:57:23,1010101444,1959818325,0,Submitted,0.0,100.0,0.0,0.0
1010101446,21042020  19:57:23,1010101444,1959818326,0,PreSubmitted,0.0,100.0,0.0,0.0
1010101448,21042020  19:57:23,1010101447,1959818328,0,Submitted,0.0,100.0,0.0,0.0
1010101449,21042020  19:57:23,1010101447,1959818329,0,PreSubmitted,0.0,100.0,0.0,0.0
1010101439,21042020  19:57:23,1010101438,1959818319,0,Submitted,0.0,100.0,0.0,0.0
1010101450,21042020  19:57:25,0,1959818330,0,PreSubmitted,0.0,100.0,0.0,0.0
1010101451,21042020  19:57:25,1010101450,1959818331,0,PreSubmitted,0.0,100.0,0.0,0.0
1010101451,21042020  19:57:25,1010101450,1959818331,0,PreSubmitted,0.0,100.0,0.0,0.0
1010101451,21042020  19:57:25,1010101450,1959818331,0,PreSubmitted,0.0,100.0,0.0,0.0
1010101450,21042020  19:57:25,0,1959818330,0,Submitted,0.0,100.0,0.0,0.0
1010101452,21042020  19:57:25,1010101450,1959818332,0,PendingSubmit,0.0,100.0,0.0,0.0
1010101452,21042020  19:57:25,1010101450,1959818332,0,PreSubmitted,0.0,100.0,0.0,0.0
1010101451,21042020  19:57:25,1010101450,1959818331,0,PreSubmitted,0.0,100.0,0.0,0.0
1010101452,21042020  19:57:25,1010101450,1959818332,0,PreSubmitted,0.0,100.0,0.0,0.0
1010101451,21042020  19:57:26,1010101450,1959818331,0,PreSubmitted,0.0,100.0,0.0,0.0
1010101452,21042020  19:57:26,1010101450,1959818332,0,PreSubmitted,0.0,100.0,0.0,0.0
1010101451,21042020  19:57:28,1010101450,1959818331,0,PendingSubmit,0.0,100.0,0.0,0.0
1010101452,21042020  19:57:28,1010101450,1959818332,0,PendingSubmit,0.0,100.0,0.0,0.0
1010101451,21042020  19:57:28,1010101450,1959818331,0,PreSubmitted,0.0,100.0,0.0,0.0
1010101452,21042020  19:57:28,1010101450,1959818332,0,PreSubmitted,0.0,100.0,0.0,0.0
1010101451,21042020  19:57:31,1010101450,1959818331,0,PreSubmitted,0.0,100.0,0.0,0.0
1010101452,21042020  19:57:31,1010101450,1959818332,0,PreSubmitted,0.0,100.0,0.0,0.0
1010101451,21042020  19:57:32,1010101450,1959818331,0,PreSubmitted,0.0,100.0,0.0,0.0
1010101452,21042020  19:57:32,1010101450,1959818332,0,PreSubmitted,0.0,100.0,0.0,0.0
1010101451,21042020  19:57:33,1010101450,1959818331,0,PreSubmitted,0.0,100.0,0.0,0.0
1010101452,21042020  19:57:33,1010101450,1959818332,0,PreSubmitted,0.0,100.0,0.0,0.0
1010101451,21042020  19:57:33,1010101450,1959818331,0,PreSubmitted,0.0,100.0,0.0,0.0
1010101452,21042020  19:57:33,1010101450,1959818332,0,PreSubmitted,0.0,100.0,0.0,0.0
1010101451,21042020  19:57:36,1010101450,1959818331,0,PreSubmitted,0.0,100.0,0.0,0.0
1010101452,21042020  19:57:36,1010101450,1959818332,0,PreSubmitted,0.0,100.0,0.0,0.0
1010101451,21042020  19:57:37,1010101450,1959818331,0,PreSubmitted,0.0,100.0,0.0,0.0
1010101452,21042020  19:57:37,1010101450,1959818332,0,PreSubmitted,0.0,100.0,0.0,0.0
1010101451,21042020  19:57:39,1010101450,1959818331,0,PreSubmitted,0.0,100.0,0.0,0.0
1010101452,21042020  19:57:39,1010101450,1959818332,0,PreSubmitted,0.0,100.0,0.0,0.0
1010101451,21042020  19:57:41,1010101450,1959818331,0,PreSubmitted,0.0,100.0,0.0,0.0
1010101452,21042020  19:57:41,1010101450,1959818332,0,PreSubmitted,0.0,100.0,0.0,0.0
1010101451,21042020  19:57:41,1010101450,1959818331,0,PendingSubmit,0.0,100.0,0.0,0.0
1010101452,21042020  19:57:42,1010101450,1959818332,0,PendingSubmit,0.0,100.0,0.0,0.0
1010101451,21042020  19:57:42,1010101450,1959818331,0,PendingSubmit,0.0,100.0,0.0,0.0
1010101452,21042020  19:57:42,1010101450,1959818332,0,PendingSubmit,0.0,100.0,0.0,0.0
1010101451,21042020  19:57:42,1010101450,1959818331,0,PreSubmitted,0.0,100.0,0.0,0.0
1010101452,21042020  19:57:42,1010101450,1959818332,0,PreSubmitted,0.0,100.0,0.0,0.0
