111,20072020  08:49:05,110,1621466279,0,Submitted,0.0,10.0,0.0,0.0
114,20072020  08:49:07,113,1621466282,0,PreSubmitted,0.0,10.0,0.0,0.0
114,20072020  08:49:08,113,1621466282,0,PreSubmitted,0.0,10.0,0.0,0.0
113,20072020  08:49:08,0,1621466281,0,Submitted,0.0,10.0,0.0,0.0
114,20072020  08:49:08,113,1621466282,0,PreSubmitted,0.0,5.0,0.0,0.0
113,20072020  08:49:08,0,1621466281,0,Submitted,5.0,5.0,4.65,4.65
114,20072020  08:49:08,113,1621466282,0,PreSubmitted,0.0,10.0,0.0,0.0
113,20072020  08:49:08,0,1621466281,0,Filled,10.0,0.0,4.65,4.65
113,20072020  08:49:08,0,1621466281,0,Filled,10.0,0.0,4.65,4.65
113,20072020  08:49:08,0,1621466281,0,Filled,10.0,0.0,4.65,4.65
114,20072020  08:49:08,113,1621466282,0,PreSubmitted,0.0,10.0,0.0,0.0
114,20072020  08:49:08,113,1621466282,0,Submitted,0.0,5.0,0.0,0.0
114,20072020  08:49:08,113,1621466282,0,Submitted,0.0,10.0,0.0,0.0
114,20072020  08:50:31,113,1621466282,0,Cancelled,0.0,10.0,0.0,0.0
0,20072020  08:50:37,0,1621466283,0,Submitted,0.0,10.0,0.0,0.0
0,20072020  08:50:38,0,1621466283,0,Submitted,0.0,10.0,0.0,0.0
0,20072020  08:50:38,0,1621466283,0,Submitted,1.0,9.0,4.65,4.65
0,20072020  08:50:38,0,1621466283,0,Submitted,1.0,9.0,4.65,4.65
0,20072020  08:50:42,0,1621466283,0,Filled,10.0,0.0,4.65,4.65
0,20072020  08:50:42,0,1621466283,0,Filled,10.0,0.0,4.65,4.65
