1,20200421  16:15:00,1.08625,1.08574,1.08625,1.08586
1,20200421  16:16:00,1.08611,1.08586,1.08586,1.08607
1,20200421  16:17:00,1.08607,1.085755,1.08607,1.08578
1,20200421  16:18:00,1.08603,1.08577,1.08578,1.085775
1,20200421  16:19:00,1.085995,1.08577,1.08578,1.085825
1,20200421  16:20:00,1.085935,1.085775,1.085825,1.085935
1,20200421  16:21:00,1.08594,1.08593,1.085935,1.08594
1,20200421  16:22:00,1.08594,1.08594,1.08594,1.08594
1,20200421  16:23:00,1.08594,1.08594,1.08594,1.08594
1,20200421  16:24:00,1.08594,1.08585,1.08594,1.08585
1,20200421  16:25:00,1.08585,1.08585,1.08585,1.08585
1,20200421  16:26:00,1.08585,1.08585,1.08585,1.08585
1,20200421  16:27:00,1.08585,1.08585,1.08585,1.08585
1,20200421  16:28:00,1.08585,1.08585,1.08585,1.08585
1,20200421  16:29:00,1.08585,1.08585,1.08585,1.08585
1,20200421  16:30:00,1.08585,1.08585,1.08585,1.08585
1,20200421  16:31:00,1.08585,1.08585,1.08585,1.08585
1,20200421  16:32:00,1.08585,1.08585,1.08585,1.08585
1,20200421  16:33:00,1.08585,1.08585,1.08585,1.08585
1,20200421  16:34:00,1.08585,1.08585,1.08585,1.08585
1,20200421  16:35:00,1.08585,1.08585,1.08585,1.08585
1,20200421  16:36:00,1.08585,1.08585,1.08585,1.08585
1,20200421  16:37:00,1.08585,1.08585,1.08585,1.08585
1,20200421  16:38:00,1.08585,1.08585,1.08585,1.08585
1,20200421  16:39:00,1.08585,1.08585,1.08585,1.08585
1,20200421  16:40:00,1.08585,1.08585,1.08585,1.08585
1,20200421  16:41:00,1.08585,1.0858,1.08585,1.08585
1,20200421  16:42:00,1.08585,1.0858,1.08585,1.0858
1,20200421  16:43:00,1.08585,1.0858,1.0858,1.08585
1,20200421  16:44:00,1.08585,1.08585,1.08585,1.08585
1,20200421  16:45:00,1.08585,1.0858,1.08585,1.08585
1,20200421  16:46:00,1.085965,1.08585,1.08585,1.08594
1,20200421  16:47:00,1.085965,1.08591,1.08594,1.08594
1,20200421  16:48:00,1.085965,1.08594,1.08594,1.08594
1,20200421  16:49:00,1.086275,1.08591,1.08594,1.08627
1,20200421  16:50:00,1.08628,1.085895,1.08627,1.085955
1,20200421  16:51:00,1.086055,1.085935,1.085955,1.086055
1,20200421  16:52:00,1.086055,1.086055,1.086055,1.086055
1,20200421  16:53:00,1.0861,1.086055,1.086055,1.086075
1,20200421  16:54:00,1.0861,1.08607,1.086075,1.0861
1,20200421  16:55:00,1.0861,1.0861,1.0861,1.0861
1,20200421  16:56:00,1.0861,1.0861,1.0861,1.0861
1,20200421  16:57:00,1.0861,1.086025,1.0861,1.0861
1,20200421  16:58:00,1.0861,1.085995,1.0861,1.085995
1,20200421  16:59:00,1.086,1.08582,1.085995,1.085935
1,20200421  17:00:00,1.085935,1.08573,1.085935,1.08573
1,20200421  17:01:00,1.08577,1.08573,1.08573,1.08577
1,20200421  17:02:00,1.08586,1.08577,1.08577,1.085845
1,20200421  17:03:00,1.08586,1.085775,1.085845,1.085775
1,20200421  17:04:00,1.08578,1.08573,1.08578,1.08576
1,20200421  17:05:00,1.08584,1.08575,1.08576,1.08584
1,20200421  17:06:00,1.08584,1.08578,1.08584,1.08579
1,20200421  17:07:00,1.08588,1.08579,1.08579,1.085845
1,20200421  17:08:00,1.085845,1.085825,1.085845,1.085825
1,20200421  17:09:00,1.085875,1.085825,1.085825,1.085835
1,20200421  17:10:00,1.08589,1.08582,1.085835,1.08589
1,20200421  17:11:00,1.08589,1.08575,1.08589,1.08575
1,20200421  17:12:00,1.08577,1.085745,1.08575,1.085755
1,20200421  17:13:00,1.085785,1.08575,1.085755,1.085755
1,20200421  17:14:00,1.08578,1.08572,1.085755,1.085725
1,20200421  17:15:00,1.085805,1.085725,1.085725,1.08576
1,20200421  17:16:00,1.085775,1.08576,1.08576,1.085775
1,20200421  17:17:00,1.085785,1.085765,1.085775,1.08577
1,20200421  17:18:00,1.085775,1.08576,1.08577,1.08577
1,20200421  17:19:00,1.085775,1.08577,1.08577,1.085775
1,20200421  17:20:00,1.085775,1.08572,1.085775,1.085725
1,20200421  17:21:00,1.085725,1.085725,1.085725,1.085725
1,20200421  17:22:00,1.085725,1.08569,1.085725,1.08569
1,20200421  17:23:00,1.08569,1.085635,1.08569,1.08568
1,20200421  17:24:00,1.085685,1.08568,1.08568,1.08568
1,20200421  17:25:00,1.08568,1.085665,1.08568,1.085675
1,20200421  17:26:00,1.085685,1.08567,1.085675,1.085675
1,20200421  17:27:00,1.08569,1.085675,1.085675,1.08569
1,20200421  17:28:00,1.0857,1.08569,1.08569,1.085695
1,20200421  17:29:00,1.0857,1.085695,1.085695,1.085695
1,20200421  17:30:00,1.085705,1.08564,1.085695,1.085645
1,20200421  17:31:00,1.08565,1.08558,1.085645,1.08559
1,20200421  17:32:00,1.085595,1.08556,1.08559,1.085595
1,20200421  17:33:00,1.085595,1.085585,1.085595,1.08559
1,20200421  17:34:00,1.085645,1.08559,1.08559,1.085635
1,20200421  17:35:00,1.08565,1.085635,1.085635,1.085645
1,20200421  17:36:00,1.085645,1.085585,1.085645,1.085615
1,20200421  17:37:00,1.085635,1.085615,1.085615,1.08563
1,20200421  17:38:00,1.085635,1.08563,1.08563,1.085635
1,20200421  17:39:00,1.085705,1.085635,1.085635,1.085695
1,20200421  17:40:00,1.085725,1.0856,1.085695,1.085715
1,20200421  17:41:00,1.085795,1.085695,1.085715,1.08576
1,20200421  17:42:00,1.08576,1.08564,1.08576,1.08564
1,20200421  17:43:00,1.085675,1.08564,1.085645,1.08564
1,20200421  17:44:00,1.08565,1.08561,1.08564,1.085635
1,20200421  17:45:00,1.08565,1.085555,1.085635,1.08559
1,20200421  17:46:00,1.085595,1.085555,1.08559,1.085565
1,20200421  17:47:00,1.08557,1.08549,1.085565,1.085505
1,20200421  17:48:00,1.085525,1.0855,1.085505,1.085515
1,20200421  17:49:00,1.085555,1.085395,1.085515,1.085395
1,20200421  17:50:00,1.08553,1.08537,1.085395,1.085515
1,20200421  17:51:00,1.085575,1.085425,1.085515,1.085425
1,20200421  17:52:00,1.085425,1.08537,1.085425,1.08537
1,20200421  17:53:00,1.08539,1.085325,1.08537,1.08533
1,20200421  17:54:00,1.08537,1.085305,1.08533,1.085325
1,20200421  17:55:00,1.085365,1.085275,1.085325,1.085275
1,20200421  17:56:00,1.08533,1.085275,1.085275,1.08532
1,20200421  17:57:00,1.085335,1.08531,1.08532,1.08532
1,20200421  17:58:00,1.085345,1.08531,1.08532,1.085315
1,20200421  17:59:00,1.08539,1.08531,1.085315,1.085375
1,20200421  18:00:00,1.08553,1.085375,1.085375,1.08552
1,20200421  18:01:00,1.085525,1.085505,1.08552,1.08552
1,20200421  18:02:00,1.08558,1.08547,1.08552,1.08554
1,20200421  18:03:00,1.08554,1.08543,1.08554,1.08543
1,20200421  18:04:00,1.08544,1.085405,1.08543,1.08541
1,20200421  18:05:00,1.08541,1.085335,1.08541,1.085375
1,20200421  18:06:00,1.085375,1.085315,1.085375,1.085325
1,20200421  18:07:00,1.085325,1.08527,1.085325,1.085275
1,20200421  18:08:00,1.085365,1.085275,1.085275,1.085295
1,20200421  18:09:00,1.085295,1.085275,1.085295,1.085275
1,20200421  18:10:00,1.085335,1.08527,1.085275,1.085275
1,20200421  18:11:00,1.085295,1.085275,1.085275,1.08529
1,20200421  18:12:00,1.085365,1.08529,1.085295,1.085325
1,20200421  18:13:00,1.085325,1.085315,1.085325,1.085315
1,20200421  18:14:00,1.08536,1.085315,1.085315,1.085315
1,20200421  18:15:00,1.085335,1.085265,1.085315,1.085295
1,20200421  18:16:00,1.085305,1.085275,1.085295,1.08528
1,20200421  18:17:00,1.08536,1.08528,1.08528,1.08536
1,20200421  18:18:00,1.085365,1.085355,1.08536,1.085355
1,20200421  18:19:00,1.085475,1.085355,1.085355,1.08545
1,20200421  18:20:00,1.085455,1.085305,1.08545,1.085325
1,20200421  18:21:00,1.085325,1.08532,1.085325,1.085325
1,20200421  18:22:00,1.085325,1.085275,1.085325,1.085275
1,20200421  18:23:00,1.08528,1.085255,1.085275,1.085275
1,20200421  18:24:00,1.08528,1.085275,1.085275,1.08528
1,20200421  18:25:00,1.085365,1.08527,1.08528,1.085345
1,20200421  18:26:00,1.085545,1.085335,1.085345,1.08552
1,20200421  18:27:00,1.08554,1.08547,1.08552,1.08552
1,20200421  18:28:00,1.085525,1.08552,1.08552,1.08552
1,20200421  18:29:00,1.085525,1.085515,1.08552,1.085515
1,20200421  18:30:00,1.08554,1.085505,1.085515,1.08552
1,20200421  18:31:00,1.085525,1.0855,1.08552,1.08551
1,20200421  18:32:00,1.08551,1.085485,1.08551,1.08549
1,20200421  18:33:00,1.08554,1.08547,1.08549,1.0855
1,20200421  18:34:00,1.0855,1.08549,1.0855,1.08549
1,20200421  18:35:00,1.085515,1.08549,1.08549,1.0855
1,20200421  18:36:00,1.0855,1.085485,1.0855,1.0855
1,20200421  18:37:00,1.0855,1.085485,1.0855,1.0855
1,20200421  18:38:00,1.085565,1.0855,1.0855,1.085555
1,20200421  18:39:00,1.08561,1.085535,1.085555,1.085605
1,20200421  18:40:00,1.085715,1.0856,1.085605,1.085715
1,20200421  18:41:00,1.085715,1.085635,1.085715,1.08567
1,20200421  18:42:00,1.08567,1.08561,1.08567,1.085615
1,20200421  18:43:00,1.085625,1.085535,1.085615,1.085535
1,20200421  18:44:00,1.08554,1.08553,1.085535,1.08554
1,20200421  18:45:00,1.085545,1.085535,1.08554,1.08554
1,20200421  18:46:00,1.08562,1.08554,1.08554,1.08561
1,20200421  18:47:00,1.08562,1.085605,1.08561,1.085605
1,20200421  18:48:00,1.08562,1.085605,1.085605,1.085615
1,20200421  18:49:00,1.085715,1.085615,1.085615,1.0857
1,20200421  18:50:00,1.085715,1.085645,1.0857,1.0857
1,20200421  18:51:00,1.08573,1.0857,1.0857,1.085715
1,20200421  18:52:00,1.08572,1.0857,1.085715,1.085715
1,20200421  18:53:00,1.085715,1.085675,1.085715,1.08569
1,20200421  18:54:00,1.08569,1.085635,1.08569,1.085685
1,20200421  18:55:00,1.085685,1.085625,1.085685,1.08565
1,20200421  18:56:00,1.085655,1.085525,1.08565,1.08555
1,20200421  18:57:00,1.085585,1.085545,1.08555,1.085555
1,20200421  18:58:00,1.085595,1.085555,1.085555,1.08559
1,20200421  18:59:00,1.085665,1.08559,1.08559,1.085645
1,20200421  19:00:00,1.08571,1.085595,1.085645,1.085705
1,20200421  19:01:00,1.08575,1.08567,1.085705,1.085725
1,20200421  19:02:00,1.085855,1.085705,1.085725,1.085845
1,20200421  19:03:00,1.08606,1.08584,1.085845,1.08599
1,20200421  19:04:00,1.085995,1.085795,1.08599,1.085795
1,20200421  19:05:00,1.0859,1.085745,1.085795,1.085895
1,20200421  19:06:00,1.085975,1.085885,1.085895,1.085945
1,20200421  19:07:00,1.08601,1.08593,1.085945,1.08598
1,20200421  19:08:00,1.086065,1.085965,1.08598,1.086
1,20200421  19:09:00,1.086005,1.0859,1.086,1.085945
1,20200421  19:10:00,1.086015,1.085945,1.085945,1.08595
1,20200421  19:11:00,1.08595,1.08589,1.08595,1.08589
1,20200421  19:12:00,1.085925,1.08589,1.08589,1.085905
1,20200421  19:13:00,1.086015,1.085905,1.085905,1.08595
1,20200421  19:14:00,1.08598,1.08595,1.08595,1.085975
1,20200421  19:15:00,1.086015,1.08593,1.085975,1.08593
1,20200421  19:16:00,1.08597,1.085885,1.08593,1.085895
1,20200421  19:17:00,1.08597,1.085895,1.085895,1.085935
1,20200421  19:18:00,1.085935,1.085755,1.085935,1.08576
1,20200421  19:19:00,1.08584,1.085745,1.08576,1.08575
1,20200421  19:20:00,1.085795,1.085585,1.08575,1.08559
1,20200421  19:21:00,1.08563,1.085575,1.08559,1.08558
1,20200421  19:22:00,1.08562,1.08554,1.08558,1.08554
1,20200421  19:23:00,1.085575,1.08547,1.08554,1.08548
1,20200421  19:24:00,1.085535,1.085465,1.08548,1.0855
1,20200421  19:25:00,1.0855,1.085445,1.0855,1.085455
1,20200421  19:26:00,1.085455,1.085305,1.085455,1.08531
1,20200421  19:27:00,1.08533,1.08518,1.08531,1.085185
1,20200421  19:28:00,1.08519,1.084975,1.085185,1.085005
1,20200421  19:29:00,1.085045,1.085005,1.085005,1.085045
1,20200421  19:30:00,1.085115,1.08503,1.085045,1.085105
1,20200421  19:31:00,1.085135,1.085085,1.085105,1.085135
1,20200421  19:32:00,1.085155,1.0851,1.085135,1.0851
1,20200421  19:33:00,1.08514,1.085075,1.0851,1.085135
1,20200421  19:34:00,1.08518,1.085105,1.085135,1.085165
1,20200421  19:35:00,1.08526,1.085055,1.085165,1.085115
1,20200421  19:36:00,1.085165,1.085115,1.085115,1.085145
1,20200421  19:37:00,1.085145,1.085005,1.085145,1.085015
1,20200421  19:38:00,1.08525,1.08501,1.085015,1.085215
1,20200421  19:39:00,1.085335,1.08515,1.085215,1.085255
1,20200421  19:40:00,1.08531,1.0852,1.085255,1.085305
1,20200421  19:41:00,1.08532,1.085155,1.085305,1.085155
1,20200421  19:42:00,1.08518,1.08493,1.085155,1.084995
1,20200421  19:43:00,1.08504,1.084975,1.084995,1.08501
1,20200421  19:44:00,1.08522,1.08501,1.08501,1.08522
1,20200421  19:45:00,1.08522,1.085135,1.08522,1.08521
1,20200421  19:46:00,1.08521,1.085185,1.08521,1.08519
1,20200421  19:47:00,1.08519,1.085175,1.08519,1.085175
1,20200421  19:48:00,1.08518,1.08506,1.085175,1.08507
1,20200421  19:49:00,1.08507,1.084985,1.08507,1.08503
1,20200421  19:50:00,1.08504,1.084955,1.08503,1.085
1,20200421  19:51:00,1.085155,1.084955,1.085,1.085105
1,20200421  19:52:00,1.085145,1.085065,1.085105,1.085135
1,20200421  19:53:00,1.085175,1.08511,1.085135,1.085125
1,20200421  19:54:00,1.08557,1.08512,1.085125,1.085535
1,20200421  19:55:00,1.08555,1.085485,1.085535,1.08551
1,20200421  19:56:00,1.08551,1.085345,1.08551,1.08538
1,20200421  19:57:00,1.085405,1.085365,1.085385,1.085405
1,20200421  19:58:00,1.085415,1.085395,1.085405,1.085405
1,20200421  19:59:00,1.085505,1.08538,1.085405,1.085505
1,20200421  20:00:00,1.08588,1.085505,1.085505,1.085815
1,20200421  20:01:00,1.085815,1.08571,1.085815,1.085715
1,20200421  20:02:00,1.085765,1.085675,1.085715,1.085695
1,20200421  20:03:00,1.08575,1.08558,1.085695,1.08558
1,20200421  20:04:00,1.08559,1.0855,1.08558,1.0855
1,20200421  20:05:00,1.085545,1.085445,1.0855,1.085505
1,20200421  20:06:00,1.085555,1.085505,1.085505,1.08554
1,20200421  20:07:00,1.085625,1.085535,1.08554,1.08561
1,20200421  20:08:00,1.085655,1.085515,1.08561,1.085655
1,20200421  20:09:00,1.085655,1.085545,1.085655,1.08556
1,20200421  20:10:00,1.08566,1.085555,1.08556,1.085625
1,20200421  20:11:00,1.08565,1.085575,1.085625,1.085615
1,20200421  20:12:00,1.08562,1.08551,1.085615,1.08554
1,20200421  20:13:00,1.0856,1.08554,1.08554,1.085595
1,20200421  20:14:00,1.085715,1.085595,1.085595,1.085685
1,20200421  20:15:00,1.085815,1.085685,1.085685,1.085795
1,20200421  20:16:00,1.085795,1.08564,1.085795,1.08571
1,20200421  20:17:00,1.085775,1.085585,1.08571,1.085595
1,20200421  20:18:00,1.08571,1.08559,1.085595,1.08571
1,20200421  20:19:00,1.085965,1.085705,1.08571,1.085935
1,20200421  20:20:00,1.085975,1.08589,1.085935,1.085955
1,20200421  20:21:00,1.08611,1.085955,1.085955,1.086
1,20200421  20:22:00,1.086,1.085905,1.086,1.086
1,20200421  20:23:00,1.086015,1.0859,1.086,1.085905
1,20200421  20:24:00,1.085905,1.0858,1.085905,1.0858
1,20200421  20:25:00,1.08584,1.08577,1.0858,1.08577
1,20200421  20:26:00,1.08577,1.08564,1.08577,1.08567
1,20200421  20:27:00,1.085725,1.08559,1.08567,1.08559
1,20200421  20:28:00,1.08563,1.08559,1.08559,1.0856
1,20200421  20:29:00,1.0856,1.08555,1.0856,1.085555
1,20200421  20:30:00,1.08563,1.085495,1.085555,1.085565
1,20200421  20:31:00,1.085635,1.085495,1.085565,1.085505
1,20200421  20:32:00,1.085535,1.085385,1.085505,1.085455
1,20200421  20:33:00,1.08546,1.08538,1.085455,1.085405
1,20200421  20:34:00,1.085455,1.085345,1.085405,1.08536
1,20200421  20:35:00,1.08544,1.08536,1.08536,1.085385
1,20200421  20:36:00,1.08539,1.085295,1.085385,1.085355
1,20200421  20:37:00,1.08542,1.085355,1.085355,1.085405
1,20200421  20:38:00,1.08541,1.085295,1.085405,1.085305
1,20200421  20:39:00,1.085415,1.08528,1.085305,1.08541
1,20200421  20:40:00,1.08542,1.08537,1.08541,1.085375
1,20200421  20:41:00,1.08541,1.085375,1.085375,1.085405
1,20200421  20:42:00,1.085445,1.085365,1.085405,1.085365
1,20200421  20:43:00,1.085365,1.08526,1.085365,1.08532
1,20200421  20:44:00,1.08534,1.085255,1.08532,1.085265
1,20200421  20:45:00,1.08528,1.0852,1.085265,1.08525
1,20200421  20:46:00,1.08526,1.085135,1.08525,1.08514
1,20200421  20:47:00,1.0852,1.085015,1.08514,1.08519
1,20200421  20:48:00,1.085215,1.085105,1.08519,1.085105
1,20200421  20:49:00,1.08513,1.084995,1.085105,1.084995
1,20200421  20:50:00,1.085,1.084835,1.084995,1.084875
1,20200421  20:51:00,1.085015,1.084875,1.084875,1.084965
1,20200421  20:52:00,1.085,1.084825,1.084965,1.084865
1,20200421  20:53:00,1.084915,1.08484,1.084865,1.084915
1,20200421  20:54:00,1.084915,1.08479,1.084915,1.084815
1,20200421  20:55:00,1.085035,1.084815,1.084815,1.084945
1,20200421  20:56:00,1.08502,1.08494,1.084945,1.084985
1,20200421  20:57:00,1.085,1.08476,1.084985,1.084775
1,20200421  20:58:00,1.08489,1.08477,1.084775,1.08484
1,20200421  20:59:00,1.084955,1.08477,1.08484,1.08492
1,20200421  21:00:00,1.08492,1.084745,1.08492,1.084775
1,20200421  21:01:00,1.08483,1.08474,1.084775,1.08474
1,20200421  21:02:00,1.084745,1.084675,1.08474,1.084705
1,20200421  21:03:00,1.08483,1.084695,1.084705,1.084755
1,20200421  21:04:00,1.08489,1.084725,1.084755,1.08489
1,20200421  21:05:00,1.08498,1.084885,1.08489,1.084975
1,20200421  21:06:00,1.085085,1.084935,1.084975,1.08505
1,20200421  21:07:00,1.0851,1.08502,1.08505,1.08508
1,20200421  21:08:00,1.085225,1.084985,1.08508,1.085205
1,20200421  21:09:00,1.08583,1.085165,1.085205,1.085515
1,20200421  21:10:00,1.08559,1.085395,1.085515,1.08543
1,20200421  21:11:00,1.085635,1.085415,1.08543,1.085595
1,20200421  21:12:00,1.0856,1.08536,1.085595,1.085395
1,20200421  21:13:00,1.085405,1.08529,1.085395,1.085365
1,20200421  21:14:00,1.08548,1.085365,1.085365,1.085445
1,20200421  21:15:00,1.085455,1.085275,1.085445,1.085305
1,20200421  21:16:00,1.085415,1.085295,1.085305,1.08541
1,20200421  21:17:00,1.08551,1.085355,1.08541,1.085405
1,20200421  21:18:00,1.08545,1.085365,1.085405,1.085365
1,20200421  21:19:00,1.085425,1.085245,1.085365,1.085285
1,20200421  21:20:00,1.08545,1.085285,1.085285,1.08537
1,20200421  21:21:00,1.085425,1.085365,1.08537,1.08539
1,20200421  21:22:00,1.085425,1.085315,1.08539,1.085315
1,20200421  21:23:00,1.085365,1.085275,1.085315,1.085305
1,20200421  21:24:00,1.085405,1.085275,1.085305,1.085395
1,20200421  21:25:00,1.08546,1.085345,1.085395,1.08546
1,20200421  21:26:00,1.0855,1.085395,1.08546,1.0854
1,20200421  21:27:00,1.08551,1.0854,1.0854,1.085505
1,20200421  21:28:00,1.08551,1.085465,1.085505,1.085495
1,20200421  21:29:00,1.0855,1.085415,1.085495,1.085425
1,20200421  21:30:00,1.08548,1.085415,1.085425,1.085415
1,20200421  21:31:00,1.085415,1.085345,1.085415,1.085375
1,20200421  21:32:00,1.08541,1.085355,1.085375,1.08541
1,20200421  21:33:00,1.085515,1.085395,1.08541,1.085515
1,20200421  21:34:00,1.085645,1.08551,1.085515,1.085645
1,20200421  21:35:00,1.085675,1.08553,1.085645,1.08553
1,20200421  21:36:00,1.08555,1.08545,1.08553,1.08546
1,20200421  21:37:00,1.08546,1.085375,1.08546,1.08539
1,20200421  21:38:00,1.0854,1.085295,1.08539,1.0853
1,20200421  21:39:00,1.08542,1.08529,1.0853,1.085405
1,20200421  21:40:00,1.085435,1.08536,1.085405,1.08536
1,20200421  21:41:00,1.08541,1.08536,1.08536,1.085395
1,20200421  21:42:00,1.085455,1.085395,1.085395,1.085445
1,20200421  21:43:00,1.085445,1.08537,1.085445,1.0854
1,20200421  21:44:00,1.08546,1.08537,1.0854,1.08537
1,20200421  21:45:00,1.0854,1.085305,1.08537,1.085375
1,20200421  21:46:00,1.08549,1.085375,1.085375,1.08549
1,20200421  21:47:00,1.08556,1.08546,1.08549,1.08546
1,20200421  21:48:00,1.085545,1.085445,1.08546,1.085495
1,20200421  21:49:00,1.08554,1.08536,1.085495,1.085405
1,20200421  21:50:00,1.085405,1.08528,1.085405,1.085295
1,20200421  21:51:00,1.085455,1.085225,1.085295,1.085415
1,20200421  21:52:00,1.085425,1.0854,1.085415,1.08542
1,20200421  21:53:00,1.085455,1.085365,1.08542,1.08545
1,20200421  21:54:00,1.08545,1.08528,1.08545,1.08533
1,20200421  21:55:00,1.085395,1.08532,1.08533,1.08532
1,20200421  21:56:00,1.08534,1.085285,1.08532,1.08533
1,20200421  21:57:00,1.08533,1.085235,1.08533,1.085325
1,20200421  21:58:00,1.085325,1.08517,1.085325,1.085175
1,20200421  21:59:00,1.08525,1.085165,1.085175,1.08525
1,20200421  22:00:00,1.08525,1.08512,1.08525,1.08513
1,20200421  22:01:00,1.085275,1.08512,1.08513,1.085275
1,20200421  22:02:00,1.08534,1.085275,1.085275,1.08534
1,20200421  22:03:00,1.08534,1.085295,1.08534,1.08531
1,20200421  22:04:00,1.085315,1.08526,1.08531,1.085275
1,20200421  22:05:00,1.08528,1.08526,1.085275,1.085265
1,20200421  22:06:00,1.085355,1.085255,1.085265,1.085335
1,20200421  22:07:00,1.08535,1.085275,1.085335,1.08531
1,20200421  22:08:00,1.08533,1.085235,1.08531,1.085265
1,20200421  22:09:00,1.085265,1.0852,1.085265,1.085235
1,20200421  22:10:00,1.085335,1.085225,1.085235,1.08525
1,20200421  22:11:00,1.085265,1.085195,1.08525,1.08522
1,20200421  22:12:00,1.08535,1.085115,1.08522,1.085315
1,20200421  22:13:00,1.085365,1.085315,1.085315,1.085325
1,20200421  22:14:00,1.085325,1.085265,1.085325,1.085315
1,20200421  22:15:00,1.085315,1.08528,1.085315,1.08528
1,20200421  22:16:00,1.085355,1.08528,1.08528,1.08535
1,20200421  22:17:00,1.085355,1.085315,1.08535,1.085355
1,20200421  22:18:00,1.085355,1.085325,1.085355,1.08534
1,20200421  22:19:00,1.08534,1.085285,1.08534,1.085285
1,20200421  22:20:00,1.08535,1.08528,1.085285,1.085305
1,20200421  22:21:00,1.085355,1.08525,1.085305,1.085255
1,20200421  22:22:00,1.08526,1.08511,1.085255,1.08511
1,20200421  22:23:00,1.085125,1.084995,1.08511,1.085005
1,20200421  22:24:00,1.08501,1.084835,1.085005,1.084835
1,20200421  22:25:00,1.084885,1.084835,1.084835,1.08488
1,20200421  22:26:00,1.08493,1.084855,1.08488,1.08493
1,20200421  22:27:00,1.084945,1.084835,1.08493,1.084845
1,20200421  22:28:00,1.084915,1.084845,1.084845,1.084875
1,20200421  22:29:00,1.08492,1.084845,1.084875,1.08492
1,20200421  22:30:00,1.08493,1.08485,1.08492,1.084915
1,20200421  22:31:00,1.085,1.084905,1.084915,1.084975
1,20200421  22:32:00,1.084985,1.08491,1.084975,1.084915
1,20200421  22:33:00,1.08495,1.08491,1.084915,1.08492
1,20200421  22:34:00,1.08504,1.084915,1.08492,1.08502
1,20200421  22:35:00,1.085045,1.085015,1.08502,1.085045
1,20200421  22:36:00,1.085045,1.08498,1.085045,1.084995
1,20200421  22:37:00,1.085045,1.08497,1.084995,1.08498
1,20200421  22:38:00,1.085025,1.08497,1.08498,1.085025
1,20200421  22:39:00,1.085025,1.084965,1.085025,1.08499
1,20200421  22:40:00,1.08506,1.08499,1.08499,1.08504
1,20200421  22:41:00,1.085045,1.08494,1.08504,1.084945
1,20200421  22:42:00,1.084965,1.08492,1.084945,1.08495
1,20200421  22:43:00,1.084975,1.084845,1.08495,1.084845
1,20200421  22:44:00,1.084895,1.084845,1.084845,1.084895
1,20200421  22:45:00,1.085005,1.084895,1.084895,1.084935
1,20200421  22:46:00,1.085015,1.084935,1.084935,1.08501
1,20200421  22:47:00,1.085015,1.08493,1.08501,1.084955
1,20200421  22:48:00,1.08497,1.084855,1.084955,1.08489
1,20200421  22:49:00,1.08495,1.08489,1.08489,1.08491
1,20200421  22:50:00,1.084915,1.08485,1.08491,1.08485
1,20200421  22:51:00,1.084935,1.08485,1.08485,1.084935
1,20200421  22:52:00,1.08496,1.084925,1.084935,1.084955
1,20200421  22:53:00,1.084955,1.084895,1.084955,1.084895
1,20200421  22:54:00,1.084935,1.08486,1.084895,1.08492
1,20200421  22:55:00,1.08495,1.084875,1.08492,1.084885
1,20200421  22:56:00,1.08491,1.084875,1.084885,1.0849
1,20200421  22:57:00,1.08497,1.0849,1.0849,1.084965
1,20200421  22:58:00,1.085075,1.084945,1.084965,1.085065
1,20200421  22:59:00,1.085105,1.085015,1.085065,1.0851
1,20200421  23:00:00,1.0851,1.084995,1.0851,1.084995
1,20200421  23:01:00,1.085005,1.08496,1.084995,1.085005
1,20200421  23:02:00,1.08502,1.084995,1.085005,1.08501
1,20200421  23:03:00,1.08501,1.084965,1.08501,1.085005
1,20200421  23:04:00,1.085015,1.084955,1.085005,1.085005
1,20200421  23:05:00,1.08509,1.084965,1.085005,1.08508
1,20200421  23:06:00,1.085155,1.08508,1.08508,1.085125
1,20200421  23:07:00,1.085135,1.0851,1.085125,1.085105
1,20200421  23:08:00,1.08513,1.085075,1.085105,1.085105
1,20200421  23:09:00,1.08511,1.08508,1.085105,1.08508
1,20200421  23:10:00,1.08511,1.085015,1.08508,1.08504
1,20200421  23:11:00,1.08504,1.08502,1.08504,1.08502
1,20200421  23:12:00,1.085075,1.08502,1.08502,1.085075
1,20200421  23:13:00,1.08513,1.085035,1.085075,1.08511
1,20200421  23:14:00,1.085115,1.08506,1.08511,1.085095
1,20200421  23:15:00,1.085125,1.085095,1.085095,1.08511
1,20200421  23:16:00,1.085125,1.08511,1.08511,1.08511
1,20200421  23:17:00,1.08515,1.085085,1.08511,1.085085
1,20200421  23:18:00,1.085105,1.085055,1.085085,1.085105
1,20200421  23:19:00,1.085105,1.084975,1.085105,1.084995
1,20200421  23:20:00,1.085015,1.084995,1.084995,1.085005
1,20200421  23:21:00,1.08501,1.08497,1.085005,1.085005
1,20200421  23:22:00,1.085005,1.084945,1.085005,1.084965
1,20200421  23:23:00,1.08497,1.084805,1.084965,1.084805
1,20200421  23:24:00,1.08481,1.08476,1.084805,1.084775
1,20200421  23:25:00,1.08479,1.084745,1.084775,1.08475
1,20200421  23:26:00,1.084775,1.08452,1.08475,1.08453
1,20200421  23:27:00,1.08465,1.084525,1.08453,1.08464
1,20200421  23:28:00,1.084885,1.08461,1.08464,1.084875
1,20200421  23:29:00,1.084875,1.084765,1.084875,1.084845
1,20200421  23:30:00,1.0849,1.08476,1.084845,1.084795
1,20200421  23:31:00,1.084845,1.084725,1.084795,1.084765
1,20200421  23:32:00,1.0848,1.084745,1.084765,1.084745
1,20200421  23:33:00,1.084765,1.0847,1.084745,1.084755
1,20200421  23:34:00,1.08477,1.08475,1.084755,1.084765
1,20200421  23:35:00,1.084765,1.08458,1.084765,1.084595
1,20200421  23:36:00,1.08465,1.08459,1.084595,1.08461
1,20200421  23:37:00,1.084635,1.084575,1.08461,1.084595
1,20200421  23:38:00,1.084595,1.084575,1.084595,1.084575
1,20200421  23:39:00,1.084585,1.084505,1.084575,1.084545
1,20200421  23:40:00,1.084595,1.084535,1.084545,1.084595
1,20200421  23:41:00,1.084595,1.08454,1.084595,1.084555
1,20200421  23:42:00,1.084585,1.084495,1.084555,1.08458
1,20200421  23:43:00,1.08462,1.084565,1.08458,1.08461
1,20200421  23:44:00,1.084755,1.08459,1.08461,1.084725
1,20200421  23:45:00,1.084855,1.08471,1.084725,1.084855
1,20200421  23:46:00,1.084915,1.084795,1.084855,1.084795
1,20200421  23:47:00,1.08482,1.084785,1.084795,1.084795
1,20200421  23:48:00,1.084835,1.084795,1.084795,1.084805
1,20200421  23:49:00,1.084865,1.08473,1.084805,1.08475
1,20200421  23:50:00,1.084755,1.084695,1.08475,1.0847
1,20200421  23:51:00,1.084745,1.08466,1.0847,1.084715
1,20200421  23:52:00,1.08474,1.084665,1.084715,1.08467
1,20200421  23:53:00,1.08471,1.08466,1.08467,1.084705
1,20200421  23:54:00,1.084845,1.08467,1.084705,1.084845
1,20200421  23:55:00,1.084845,1.08475,1.084845,1.08476
1,20200421  23:56:00,1.08481,1.084705,1.08476,1.08471
1,20200421  23:57:00,1.084795,1.084695,1.08471,1.084795
1,20200421  23:58:00,1.084795,1.084725,1.084795,1.08473
1,20200421  23:59:00,1.08475,1.08464,1.08473,1.08464
1,20200422  00:00:00,1.08465,1.084545,1.08464,1.08458
1,20200422  00:01:00,1.084635,1.084545,1.08458,1.08463
1,20200422  00:02:00,1.084635,1.084565,1.08463,1.084585
1,20200422  00:03:00,1.0847,1.084585,1.084585,1.08464
1,20200422  00:04:00,1.084735,1.08464,1.08464,1.084715
1,20200422  00:05:00,1.084895,1.08467,1.084715,1.084895
1,20200422  00:06:00,1.084915,1.084805,1.084895,1.084815
1,20200422  00:07:00,1.084925,1.084815,1.084815,1.08492
1,20200422  00:08:00,1.084925,1.0849,1.08492,1.084915
1,20200422  00:09:00,1.08492,1.08479,1.084915,1.084795
1,20200422  00:10:00,1.08484,1.08476,1.084795,1.084795
1,20200422  00:11:00,1.084895,1.084795,1.084795,1.084895
1,20200422  00:12:00,1.08501,1.08485,1.084895,1.085005
1,20200422  00:13:00,1.08507,1.08499,1.085005,1.08506
1,20200422  00:14:00,1.085065,1.084965,1.08506,1.08501
1,20200422  00:15:00,1.085045,1.08498,1.08501,1.08502
1,20200422  00:16:00,1.08504,1.084985,1.08502,1.085015
1,20200422  00:17:00,1.085015,1.08493,1.085015,1.084945
1,20200422  00:18:00,1.084945,1.08485,1.084945,1.08486
1,20200422  00:19:00,1.084895,1.084825,1.08486,1.084895
1,20200422  00:20:00,1.08497,1.084855,1.084895,1.084945
1,20200422  00:21:00,1.08502,1.08494,1.084945,1.08502
1,20200422  00:22:00,1.085045,1.084985,1.08502,1.08499
1,20200422  00:23:00,1.085005,1.08498,1.08499,1.08498
1,20200422  00:24:00,1.085,1.084935,1.08498,1.08495
1,20200422  00:25:00,1.085045,1.084945,1.08495,1.08501
1,20200422  00:26:00,1.085045,1.08493,1.08501,1.084995
1,20200422  00:27:00,1.085045,1.084995,1.084995,1.085025
1,20200422  00:28:00,1.08511,1.085025,1.085025,1.0851
1,20200422  00:29:00,1.085145,1.085075,1.0851,1.0851
1,20200422  00:30:00,1.0852,1.08506,1.0851,1.0852
1,20200422  00:31:00,1.0853,1.085195,1.0852,1.08525
1,20200422  00:32:00,1.085305,1.08519,1.08525,1.08519
1,20200422  00:33:00,1.0853,1.085175,1.08519,1.08528
1,20200422  00:34:00,1.0853,1.08523,1.08528,1.0853
1,20200422  00:35:00,1.08541,1.085295,1.0853,1.08535
1,20200422  00:36:00,1.08535,1.085255,1.08535,1.085275
1,20200422  00:37:00,1.08528,1.08525,1.085275,1.08525
1,20200422  00:38:00,1.08535,1.08525,1.08525,1.085345
1,20200422  00:39:00,1.085355,1.085235,1.085345,1.085325
1,20200422  00:40:00,1.085325,1.08523,1.085325,1.085295
1,20200422  00:41:00,1.085455,1.08528,1.085295,1.085455
1,20200422  00:42:00,1.08565,1.08545,1.085455,1.085595
1,20200422  00:43:00,1.08563,1.08546,1.085595,1.08546
1,20200422  00:44:00,1.085515,1.08537,1.08546,1.085385
1,20200422  00:45:00,1.085385,1.085265,1.085385,1.085305
1,20200422  00:46:00,1.085325,1.08518,1.085305,1.08528
1,20200422  00:47:00,1.085305,1.085255,1.08528,1.085275
1,20200422  00:48:00,1.085325,1.08519,1.085275,1.085235
1,20200422  00:49:00,1.085235,1.08511,1.085235,1.085185
1,20200422  00:50:00,1.085395,1.085175,1.085185,1.085395
1,20200422  00:51:00,1.0855,1.08534,1.085395,1.08548
1,20200422  00:52:00,1.085645,1.085475,1.08548,1.085615
1,20200422  00:53:00,1.08563,1.085475,1.085615,1.085545
1,20200422  00:54:00,1.085545,1.085365,1.085545,1.085485
1,20200422  00:55:00,1.08549,1.0854,1.085485,1.085415
1,20200422  00:56:00,1.085595,1.085415,1.085415,1.08557
1,20200422  00:57:00,1.085575,1.08551,1.08557,1.085555
1,20200422  00:58:00,1.085645,1.08554,1.085555,1.08554
1,20200422  00:59:00,1.085565,1.085405,1.08554,1.08554
1,20200422  01:00:00,1.085555,1.085205,1.08554,1.085225
1,20200422  01:01:00,1.085245,1.08514,1.085225,1.08524
1,20200422  01:02:00,1.08545,1.08524,1.08524,1.085395
1,20200422  01:03:00,1.085425,1.085285,1.085395,1.085425
1,20200422  01:04:00,1.085425,1.085165,1.085425,1.085185
1,20200422  01:05:00,1.085245,1.08511,1.085185,1.08522
1,20200422  01:06:00,1.085415,1.085195,1.08522,1.085295
1,20200422  01:07:00,1.0854,1.085255,1.085295,1.085295
1,20200422  01:08:00,1.08536,1.085235,1.085295,1.085305
1,20200422  01:09:00,1.085485,1.08529,1.085305,1.085455
1,20200422  01:10:00,1.085525,1.08533,1.085455,1.085355
1,20200422  01:11:00,1.08536,1.085255,1.085355,1.085305
1,20200422  01:12:00,1.085305,1.08515,1.085305,1.08521
1,20200422  01:13:00,1.085495,1.085205,1.08521,1.085415
1,20200422  01:14:00,1.085735,1.085415,1.085415,1.085585
1,20200422  01:15:00,1.08571,1.085555,1.085585,1.0857
1,20200422  01:16:00,1.085975,1.085675,1.0857,1.08592
1,20200422  01:17:00,1.08623,1.08592,1.08592,1.086105
1,20200422  01:18:00,1.08633,1.085995,1.086105,1.086315
1,20200422  01:19:00,1.086445,1.08616,1.086315,1.08616
1,20200422  01:20:00,1.086245,1.08607,1.08616,1.08616
1,20200422  01:21:00,1.086265,1.086095,1.08616,1.086245
1,20200422  01:22:00,1.0863,1.08616,1.086245,1.08622
1,20200422  01:23:00,1.08625,1.08603,1.08622,1.08612
1,20200422  01:24:00,1.086145,1.085975,1.08612,1.086075
1,20200422  01:25:00,1.08633,1.08607,1.086075,1.086245
1,20200422  01:26:00,1.08633,1.08619,1.086245,1.086275
1,20200422  01:27:00,1.086275,1.086015,1.086275,1.086185
1,20200422  01:28:00,1.086405,1.086175,1.086185,1.086345
1,20200422  01:29:00,1.0865,1.08631,1.086345,1.08631
1,20200422  01:30:00,1.08634,1.08608,1.08631,1.0861
1,20200422  01:31:00,1.086155,1.085945,1.0861,1.086125
1,20200422  01:32:00,1.08642,1.0861,1.086125,1.08641
1,20200422  01:33:00,1.086445,1.08635,1.08641,1.08636
1,20200422  01:34:00,1.086705,1.08636,1.08636,1.086645
1,20200422  01:35:00,1.08696,1.086645,1.086645,1.086855
1,20200422  01:36:00,1.08692,1.086725,1.086855,1.086865
1,20200422  01:37:00,1.086905,1.086695,1.086865,1.0868
1,20200422  01:38:00,1.08682,1.08664,1.0868,1.08682
1,20200422  01:39:00,1.08682,1.086715,1.08682,1.08675
1,20200422  01:40:00,1.086805,1.08643,1.08675,1.086435
1,20200422  01:41:00,1.086465,1.08635,1.086435,1.086435
1,20200422  01:42:00,1.086475,1.086365,1.086435,1.0864
1,20200422  01:43:00,1.086445,1.086295,1.0864,1.08637
1,20200422  01:44:00,1.086565,1.08633,1.08637,1.086545
1,20200422  01:45:00,1.086545,1.08633,1.086545,1.08634
1,20200422  01:46:00,1.086425,1.086225,1.08634,1.086395
1,20200422  01:47:00,1.08679,1.086395,1.086395,1.08679
1,20200422  01:48:00,1.08695,1.086665,1.08679,1.086695
1,20200422  01:49:00,1.086815,1.08659,1.086695,1.086645
1,20200422  01:50:00,1.08685,1.086595,1.086645,1.086655
1,20200422  01:51:00,1.086905,1.086645,1.086655,1.086795
1,20200422  01:52:00,1.08686,1.086665,1.086795,1.08681
1,20200422  01:53:00,1.08681,1.0866,1.08681,1.086635
1,20200422  01:54:00,1.086635,1.086375,1.086635,1.08653
1,20200422  01:55:00,1.086545,1.086245,1.08653,1.086385
1,20200422  01:56:00,1.086695,1.086365,1.086385,1.08669
1,20200422  01:57:00,1.086755,1.0865,1.08669,1.0865
1,20200422  01:58:00,1.086525,1.086135,1.0865,1.08619
1,20200422  01:59:00,1.08624,1.08587,1.08619,1.08592
1,20200422  02:00:00,1.086195,1.08568,1.08592,1.086175
1,20200422  02:01:00,1.086335,1.086135,1.086175,1.086315
1,20200422  02:02:00,1.086335,1.08604,1.086315,1.086215
1,20200422  02:03:00,1.086245,1.086135,1.086215,1.086145
1,20200422  02:04:00,1.086145,1.08571,1.086145,1.085825
1,20200422  02:05:00,1.086015,1.08581,1.085825,1.085915
1,20200422  02:06:00,1.085915,1.08575,1.085915,1.08581
1,20200422  02:07:00,1.085895,1.085775,1.08581,1.08583
1,20200422  02:08:00,1.085955,1.085675,1.08583,1.08595
1,20200422  02:09:00,1.08607,1.08591,1.08595,1.08604
1,20200422  02:10:00,1.086245,1.08601,1.08604,1.08616
1,20200422  02:11:00,1.086255,1.086155,1.08616,1.08621
1,20200422  02:12:00,1.0865,1.08621,1.08621,1.08641
1,20200422  02:13:00,1.08651,1.086345,1.08641,1.08648
1,20200422  02:14:00,1.0865,1.086305,1.08648,1.08642
1,20200422  02:15:00,1.08651,1.08629,1.08642,1.086345
1,20200422  02:16:00,1.08657,1.08634,1.086345,1.086505
1,20200422  02:17:00,1.08664,1.086425,1.086505,1.086595
1,20200422  02:18:00,1.086875,1.086505,1.086595,1.086805
1,20200422  02:19:00,1.08711,1.08678,1.086805,1.087085
1,20200422  02:20:00,1.08738,1.087075,1.087085,1.087275
1,20200422  02:21:00,1.08728,1.08659,1.087275,1.08659
1,20200422  02:22:00,1.086915,1.086575,1.08659,1.08682
1,20200422  02:23:00,1.08697,1.086535,1.08682,1.086635
1,20200422  02:24:00,1.086655,1.086485,1.086635,1.0866
1,20200422  02:25:00,1.086705,1.08644,1.0866,1.086585
1,20200422  02:26:00,1.08667,1.086575,1.086585,1.086575
1,20200422  02:27:00,1.086655,1.086535,1.086575,1.086615
1,20200422  02:28:00,1.086615,1.08625,1.086615,1.086485
1,20200422  02:29:00,1.086655,1.086475,1.086485,1.08665
1,20200422  02:30:00,1.08669,1.08661,1.08665,1.086685
1,20200422  02:31:00,1.086755,1.086675,1.086685,1.08669
1,20200422  02:32:00,1.086715,1.08657,1.08669,1.086685
1,20200422  02:33:00,1.086755,1.0866,1.086685,1.086665
1,20200422  02:34:00,1.08667,1.08626,1.086665,1.086265
1,20200422  02:35:00,1.086525,1.086095,1.086265,1.08651
1,20200422  02:36:00,1.08665,1.086505,1.08651,1.086575
1,20200422  02:37:00,1.086585,1.08617,1.086575,1.0863
1,20200422  02:38:00,1.08635,1.086185,1.0863,1.086315
1,20200422  02:39:00,1.086355,1.086205,1.086315,1.086225
1,20200422  02:40:00,1.0865,1.086155,1.086225,1.086485
1,20200422  02:41:00,1.08663,1.086455,1.086485,1.08663
1,20200422  02:42:00,1.086665,1.08654,1.08663,1.08664
1,20200422  02:43:00,1.08679,1.08648,1.08664,1.0865
1,20200422  02:44:00,1.08651,1.086245,1.0865,1.08629
1,20200422  02:45:00,1.08644,1.086245,1.08629,1.08637
1,20200422  02:46:00,1.08642,1.08628,1.08637,1.086375
1,20200422  02:47:00,1.086475,1.086185,1.086375,1.08624
1,20200422  02:48:00,1.08624,1.08605,1.08624,1.086195
1,20200422  02:49:00,1.086455,1.08616,1.086195,1.08635
1,20200422  02:50:00,1.086465,1.086275,1.08635,1.08635
1,20200422  02:51:00,1.086435,1.08624,1.08635,1.086285
1,20200422  02:52:00,1.086295,1.08607,1.086285,1.086295
1,20200422  02:53:00,1.08646,1.086285,1.086295,1.086285
1,20200422  02:54:00,1.086365,1.08613,1.086285,1.086335
1,20200422  02:55:00,1.086375,1.086255,1.086335,1.086285
1,20200422  02:56:00,1.08633,1.086155,1.086285,1.086195
1,20200422  02:57:00,1.086245,1.086,1.086195,1.086005
1,20200422  02:58:00,1.086025,1.08559,1.086005,1.085755
1,20200422  02:59:00,1.0859,1.085315,1.085755,1.08557
1,20200422  03:00:00,1.085585,1.085305,1.08557,1.085545
1,20200422  03:01:00,1.085765,1.08549,1.085545,1.085645
1,20200422  03:02:00,1.085905,1.085575,1.085645,1.08587
1,20200422  03:03:00,1.085985,1.085795,1.08587,1.0858
1,20200422  03:04:00,1.086105,1.0858,1.0858,1.086065
1,20200422  03:05:00,1.08632,1.08596,1.086065,1.08627
1,20200422  03:06:00,1.086535,1.086245,1.08627,1.086295
1,20200422  03:07:00,1.08632,1.08594,1.086295,1.085995
1,20200422  03:08:00,1.086015,1.085715,1.085995,1.08585
1,20200422  03:09:00,1.08595,1.085685,1.08585,1.085895
1,20200422  03:10:00,1.085975,1.085665,1.085895,1.08574
1,20200422  03:11:00,1.085885,1.08568,1.08574,1.08583
1,20200422  03:12:00,1.085935,1.085795,1.08583,1.085895
1,20200422  03:13:00,1.086085,1.08589,1.085895,1.08598
1,20200422  03:14:00,1.085995,1.0858,1.08598,1.08595
1,20200422  03:15:00,1.086105,1.085875,1.08595,1.086065
1,20200422  03:16:00,1.086195,1.086035,1.086065,1.086105
1,20200422  03:17:00,1.086175,1.086055,1.086105,1.086155
1,20200422  03:18:00,1.086155,1.085875,1.086155,1.08594
1,20200422  03:19:00,1.086125,1.085925,1.08594,1.0861
1,20200422  03:20:00,1.086105,1.085705,1.0861,1.085705
1,20200422  03:21:00,1.08572,1.085515,1.085705,1.085515
1,20200422  03:22:00,1.085745,1.085515,1.085515,1.085715
1,20200422  03:23:00,1.0858,1.085685,1.085715,1.085735
1,20200422  03:24:00,1.08575,1.085605,1.085735,1.085655
1,20200422  03:25:00,1.085765,1.085635,1.085655,1.085735
1,20200422  03:26:00,1.085895,1.085685,1.085735,1.085735
1,20200422  03:27:00,1.085745,1.085505,1.085735,1.085525
1,20200422  03:28:00,1.085545,1.085255,1.085525,1.085265
1,20200422  03:29:00,1.08535,1.08514,1.085265,1.08531
1,20200422  03:30:00,1.085435,1.085305,1.08531,1.08542
1,20200422  03:31:00,1.085565,1.08542,1.08542,1.085555
1,20200422  03:32:00,1.085875,1.085515,1.085555,1.08586
1,20200422  03:33:00,1.085925,1.08573,1.08586,1.085855
1,20200422  03:34:00,1.085915,1.08565,1.085855,1.085695
1,20200422  03:35:00,1.085765,1.08556,1.085695,1.085605
1,20200422  03:36:00,1.08577,1.08555,1.085605,1.08571
1,20200422  03:37:00,1.085725,1.08551,1.08571,1.08554
1,20200422  03:38:00,1.08571,1.085505,1.08554,1.085575
1,20200422  03:39:00,1.085635,1.085455,1.085575,1.0856
1,20200422  03:40:00,1.08563,1.0854,1.0856,1.085605
1,20200422  03:41:00,1.0858,1.085595,1.085605,1.085745
1,20200422  03:42:00,1.085985,1.08572,1.085745,1.085805
1,20200422  03:43:00,1.08589,1.085715,1.085805,1.085805
1,20200422  03:44:00,1.085805,1.08568,1.085805,1.085725
1,20200422  03:45:00,1.085805,1.0856,1.085725,1.085805
1,20200422  03:46:00,1.08589,1.085685,1.085805,1.085875
1,20200422  03:47:00,1.08616,1.085805,1.085875,1.086155
1,20200422  03:48:00,1.0862,1.085935,1.086155,1.085965
1,20200422  03:49:00,1.086105,1.08591,1.085965,1.085965
1,20200422  03:50:00,1.086005,1.085855,1.085965,1.085905
1,20200422  03:51:00,1.08607,1.085895,1.085905,1.0859
1,20200422  03:52:00,1.08602,1.085815,1.0859,1.08599
1,20200422  03:53:00,1.08611,1.08591,1.08599,1.086105
1,20200422  03:54:00,1.086105,1.085945,1.086105,1.086
1,20200422  03:55:00,1.086095,1.085955,1.086,1.086
1,20200422  03:56:00,1.08632,1.08596,1.086,1.086305
1,20200422  03:57:00,1.086315,1.08615,1.086305,1.08615
1,20200422  03:58:00,1.08615,1.086075,1.08615,1.086105
1,20200422  03:59:00,1.08615,1.085955,1.086105,1.085995
1,20200422  04:00:00,1.086115,1.08598,1.085995,1.086075
1,20200422  04:01:00,1.08676,1.086075,1.086075,1.08671
1,20200422  04:02:00,1.086995,1.08664,1.08671,1.08664
1,20200422  04:03:00,1.08671,1.086395,1.08664,1.086425
1,20200422  04:04:00,1.086535,1.086345,1.086425,1.0864
1,20200422  04:05:00,1.08658,1.086365,1.0864,1.086565
1,20200422  04:06:00,1.08678,1.086565,1.086565,1.08678
1,20200422  04:07:00,1.08684,1.086575,1.08678,1.086745
1,20200422  04:08:00,1.086805,1.086645,1.086745,1.0868
1,20200422  04:09:00,1.08682,1.086545,1.0868,1.086545
1,20200422  04:10:00,1.086725,1.086535,1.086545,1.086725
1,20200422  04:11:00,1.08683,1.086675,1.086725,1.08677
1,20200422  04:12:00,1.086785,1.086665,1.08677,1.08672
1,20200422  04:13:00,1.086785,1.086655,1.08672,1.08668
1,20200422  04:14:00,1.086785,1.08668,1.08668,1.086785
1,20200422  04:15:00,1.086795,1.086535,1.086785,1.086555
1,20200422  04:16:00,1.086815,1.086545,1.086555,1.08677
1,20200422  04:17:00,1.08684,1.086715,1.08677,1.08677
1,20200422  04:18:00,1.086795,1.086595,1.08677,1.086605
1,20200422  04:19:00,1.086655,1.086385,1.086605,1.086445
1,20200422  04:20:00,1.086715,1.08644,1.086445,1.086685
1,20200422  04:21:00,1.086825,1.086665,1.086685,1.086705
1,20200422  04:22:00,1.086775,1.086605,1.086705,1.086775
1,20200422  04:23:00,1.086795,1.086545,1.086775,1.086565
1,20200422  04:24:00,1.086595,1.08624,1.086565,1.086255
1,20200422  04:25:00,1.0865,1.08624,1.086255,1.08642
1,20200422  04:26:00,1.086425,1.08629,1.08642,1.086395
1,20200422  04:27:00,1.0865,1.086305,1.086395,1.086425
1,20200422  04:28:00,1.0865,1.086205,1.086425,1.086215
1,20200422  04:29:00,1.08632,1.08617,1.086215,1.086265
1,20200422  04:30:00,1.086405,1.086245,1.086265,1.086295
1,20200422  04:31:00,1.0863,1.0862,1.086295,1.086265
1,20200422  04:32:00,1.086335,1.086215,1.086265,1.086245
1,20200422  04:33:00,1.08632,1.0862,1.086245,1.086295
1,20200422  04:34:00,1.086305,1.086125,1.086295,1.08628
1,20200422  04:35:00,1.086335,1.086265,1.08628,1.086275
1,20200422  04:36:00,1.086565,1.086275,1.086275,1.086555
1,20200422  04:37:00,1.086555,1.08633,1.086555,1.086505
1,20200422  04:38:00,1.086545,1.086375,1.086505,1.086375
1,20200422  04:39:00,1.086385,1.08626,1.086375,1.086365
1,20200422  04:40:00,1.086455,1.086345,1.086365,1.08642
1,20200422  04:41:00,1.086445,1.08635,1.08642,1.086445
1,20200422  04:42:00,1.086545,1.086385,1.086445,1.086505
1,20200422  04:43:00,1.086505,1.08638,1.086505,1.08638
1,20200422  04:44:00,1.08641,1.086245,1.08638,1.08625
1,20200422  04:45:00,1.086355,1.08611,1.08625,1.086175
1,20200422  04:46:00,1.08659,1.08617,1.086175,1.086535
1,20200422  04:47:00,1.086595,1.086455,1.086535,1.08651
1,20200422  04:48:00,1.086685,1.08645,1.08651,1.086615
1,20200422  04:49:00,1.08668,1.086555,1.086615,1.086625
1,20200422  04:50:00,1.08663,1.0865,1.086625,1.08659
1,20200422  04:51:00,1.086595,1.086505,1.08659,1.08651
1,20200422  04:52:00,1.08651,1.08636,1.08651,1.086445
1,20200422  04:53:00,1.086555,1.086405,1.086445,1.08651
1,20200422  04:54:00,1.08658,1.08642,1.08651,1.086445
1,20200422  04:55:00,1.086445,1.086305,1.086445,1.086375
1,20200422  04:56:00,1.086375,1.085895,1.086375,1.086045
1,20200422  04:57:00,1.086335,1.086045,1.086045,1.086335
1,20200422  04:58:00,1.086375,1.086105,1.086335,1.086115
1,20200422  04:59:00,1.086115,1.0859,1.086115,1.08601
1,20200422  05:00:00,1.086095,1.085755,1.08601,1.085755
1,20200422  05:01:00,1.086065,1.085755,1.085755,1.086025
1,20200422  05:02:00,1.08621,1.086015,1.086025,1.08607
1,20200422  05:03:00,1.086085,1.086025,1.08607,1.086045
1,20200422  05:04:00,1.086265,1.086035,1.086045,1.08625
1,20200422  05:05:00,1.086275,1.086045,1.08625,1.086105
1,20200422  05:06:00,1.086185,1.086,1.086105,1.086005
1,20200422  05:07:00,1.086105,1.08584,1.086005,1.085845
1,20200422  05:08:00,1.08597,1.085805,1.085845,1.085945
1,20200422  05:09:00,1.08616,1.085875,1.085945,1.085875
1,20200422  05:10:00,1.086095,1.08586,1.085875,1.086065
1,20200422  05:11:00,1.086285,1.086015,1.086065,1.086085
1,20200422  05:12:00,1.086095,1.085955,1.086085,1.085965
1,20200422  05:13:00,1.08597,1.0858,1.085965,1.08581
1,20200422  05:14:00,1.085825,1.085745,1.08581,1.085805
1,20200422  05:15:00,1.086115,1.0858,1.085805,1.086115
1,20200422  05:16:00,1.086125,1.085945,1.086115,1.086045
1,20200422  05:17:00,1.086155,1.085985,1.086045,1.08609
1,20200422  05:18:00,1.08616,1.086045,1.08609,1.08616
1,20200422  05:19:00,1.08616,1.086,1.08616,1.086035
1,20200422  05:20:00,1.08607,1.085965,1.086035,1.086055
1,20200422  05:21:00,1.08607,1.085935,1.086055,1.08605
1,20200422  05:22:00,1.086125,1.085935,1.08605,1.086035
1,20200422  05:23:00,1.08604,1.085935,1.086035,1.085955
1,20200422  05:24:00,1.086065,1.08595,1.085955,1.08601
1,20200422  05:25:00,1.086105,1.085955,1.08601,1.085965
1,20200422  05:26:00,1.086205,1.085945,1.085965,1.086195
1,20200422  05:27:00,1.08624,1.086155,1.086195,1.08624
1,20200422  05:28:00,1.086265,1.08616,1.08624,1.086205
1,20200422  05:29:00,1.086285,1.086185,1.086205,1.086245
1,20200422  05:30:00,1.08641,1.086245,1.086245,1.086375
1,20200422  05:31:00,1.086435,1.086275,1.086375,1.086295
1,20200422  05:32:00,1.086435,1.086295,1.086295,1.086405
1,20200422  05:33:00,1.086475,1.08635,1.086405,1.086475
1,20200422  05:34:00,1.086505,1.086385,1.086475,1.08646
1,20200422  05:35:00,1.086525,1.08643,1.08646,1.086505
1,20200422  05:36:00,1.086505,1.08633,1.086505,1.08642
1,20200422  05:37:00,1.086425,1.086315,1.08642,1.086425
1,20200422  05:38:00,1.086465,1.086375,1.086425,1.086435
1,20200422  05:39:00,1.086475,1.086385,1.086435,1.086435
1,20200422  05:40:00,1.086545,1.08643,1.086435,1.08653
1,20200422  05:41:00,1.08658,1.086375,1.08653,1.086375
1,20200422  05:42:00,1.08641,1.086335,1.086375,1.08638
1,20200422  05:43:00,1.0864,1.08634,1.08638,1.086355
1,20200422  05:44:00,1.08659,1.08635,1.086355,1.086585
1,20200422  05:45:00,1.086725,1.086535,1.086585,1.086725
1,20200422  05:46:00,1.086905,1.086725,1.086725,1.086905
1,20200422  05:47:00,1.08703,1.086885,1.086905,1.086965
1,20200422  05:48:00,1.086965,1.086755,1.086965,1.086915
1,20200422  05:49:00,1.087005,1.086825,1.086915,1.086915
1,20200422  05:50:00,1.087055,1.086825,1.086915,1.08703
1,20200422  05:51:00,1.087035,1.086945,1.08703,1.086985
1,20200422  05:52:00,1.08703,1.08691,1.086985,1.08703
1,20200422  05:53:00,1.087215,1.08703,1.08703,1.087085
1,20200422  05:54:00,1.087155,1.08705,1.087085,1.087085
1,20200422  05:55:00,1.087105,1.086895,1.087085,1.086985
1,20200422  05:56:00,1.08702,1.0869,1.086985,1.086905
1,20200422  05:57:00,1.087005,1.08682,1.086905,1.086905
1,20200422  05:58:00,1.087145,1.086905,1.086905,1.08709
1,20200422  05:59:00,1.08713,1.08705,1.08709,1.087075
1,20200422  06:00:00,1.087295,1.087005,1.087075,1.087265
1,20200422  06:01:00,1.087285,1.087005,1.087265,1.08703
1,20200422  06:02:00,1.087315,1.086995,1.08703,1.087315
1,20200422  06:03:00,1.0876,1.08731,1.087315,1.087445
1,20200422  06:04:00,1.08746,1.08712,1.087445,1.087155
1,20200422  06:05:00,1.08737,1.087155,1.087155,1.087275
1,20200422  06:06:00,1.08729,1.08696,1.087275,1.087015
1,20200422  06:07:00,1.08702,1.086875,1.087015,1.086905
1,20200422  06:08:00,1.086905,1.086735,1.086905,1.08678
1,20200422  06:09:00,1.08688,1.08678,1.08678,1.08686
1,20200422  06:10:00,1.087195,1.086855,1.08686,1.087145
1,20200422  06:11:00,1.087145,1.087015,1.087145,1.087115
1,20200422  06:12:00,1.087465,1.08703,1.087115,1.087455
1,20200422  06:13:00,1.087475,1.08738,1.087455,1.087475
1,20200422  06:14:00,1.088,1.08738,1.087475,1.08791
1,20200422  06:15:00,1.088,1.087795,1.08791,1.088
1,20200422  06:16:00,1.08842,1.087985,1.088,1.088375
1,20200422  06:17:00,1.08853,1.08809,1.088375,1.08817
1,20200422  06:18:00,1.088195,1.087945,1.08817,1.087965
1,20200422  06:19:00,1.08803,1.087955,1.087965,1.087975
1,20200422  06:20:00,1.08798,1.087595,1.087975,1.087745
1,20200422  06:21:00,1.087825,1.08765,1.087745,1.0877
1,20200422  06:22:00,1.0877,1.087445,1.0877,1.08748
1,20200422  06:23:00,1.08763,1.087475,1.08748,1.087595
1,20200422  06:24:00,1.0876,1.087435,1.087595,1.087505
1,20200422  06:25:00,1.087605,1.08745,1.087505,1.087525
1,20200422  06:26:00,1.087565,1.087295,1.087525,1.087355
1,20200422  06:27:00,1.08747,1.087175,1.087355,1.087185
1,20200422  06:28:00,1.08729,1.08717,1.087185,1.087225
1,20200422  06:29:00,1.087385,1.08722,1.087225,1.087245
1,20200422  06:30:00,1.0873,1.08713,1.087245,1.08721
1,20200422  06:31:00,1.087255,1.08714,1.08721,1.087235
1,20200422  06:32:00,1.08747,1.08723,1.087235,1.087405
1,20200422  06:33:00,1.087525,1.087355,1.087405,1.087515
1,20200422  06:34:00,1.087555,1.087385,1.087515,1.087505
1,20200422  06:35:00,1.087565,1.08748,1.087505,1.087495
1,20200422  06:36:00,1.087855,1.08749,1.087495,1.087765
1,20200422  06:37:00,1.087945,1.08773,1.087765,1.087915
1,20200422  06:38:00,1.087935,1.087825,1.087915,1.087895
1,20200422  06:39:00,1.087935,1.087825,1.087895,1.087865
1,20200422  06:40:00,1.08794,1.087715,1.087865,1.087715
1,20200422  06:41:00,1.08774,1.087625,1.087715,1.087685
1,20200422  06:42:00,1.087695,1.08756,1.087685,1.08756
1,20200422  06:43:00,1.08764,1.087535,1.08756,1.087625
1,20200422  06:44:00,1.087695,1.087425,1.087625,1.08743
1,20200422  06:45:00,1.087545,1.087405,1.08743,1.087505
1,20200422  06:46:00,1.087515,1.087415,1.087505,1.087435
1,20200422  06:47:00,1.087495,1.087385,1.087435,1.087475
1,20200422  06:48:00,1.087575,1.087435,1.087475,1.087525
1,20200422  06:49:00,1.087575,1.087455,1.087525,1.087505
1,20200422  06:50:00,1.087525,1.087085,1.087505,1.087145
1,20200422  06:51:00,1.087275,1.087095,1.087145,1.087095
1,20200422  06:52:00,1.087175,1.08704,1.087095,1.087075
1,20200422  06:53:00,1.087085,1.086855,1.087075,1.087075
1,20200422  06:54:00,1.087295,1.087075,1.087075,1.087155
1,20200422  06:55:00,1.08756,1.087155,1.087155,1.087435
1,20200422  06:56:00,1.087585,1.087395,1.087435,1.087415
1,20200422  06:57:00,1.087785,1.087355,1.087415,1.087755
1,20200422  06:58:00,1.087755,1.087565,1.087755,1.087595
1,20200422  06:59:00,1.087735,1.087565,1.087595,1.087645
1,20200422  07:00:00,1.087735,1.08749,1.087645,1.087505
1,20200422  07:01:00,1.087585,1.087345,1.087505,1.08748
1,20200422  07:02:00,1.087495,1.08721,1.08748,1.087265
1,20200422  07:03:00,1.087315,1.08703,1.087265,1.087075
1,20200422  07:04:00,1.087075,1.086885,1.087075,1.08695
1,20200422  07:05:00,1.087125,1.086945,1.08695,1.086945
1,20200422  07:06:00,1.08702,1.08678,1.086945,1.0869
1,20200422  07:07:00,1.0869,1.08661,1.0869,1.08662
1,20200422  07:08:00,1.086715,1.086545,1.08662,1.08659
1,20200422  07:09:00,1.086645,1.086225,1.08659,1.086295
1,20200422  07:10:00,1.086595,1.086275,1.086295,1.086595
1,20200422  07:11:00,1.086775,1.08659,1.086595,1.086665
1,20200422  07:12:00,1.086725,1.086625,1.086665,1.086705
1,20200422  07:13:00,1.086825,1.086625,1.086705,1.08668
1,20200422  07:14:00,1.086745,1.086485,1.08668,1.086655
1,20200422  07:15:00,1.08676,1.086545,1.086655,1.08659
1,20200422  07:16:00,1.086625,1.086395,1.08659,1.086395
1,20200422  07:17:00,1.086595,1.08634,1.086395,1.08659
1,20200422  07:18:00,1.086775,1.08659,1.08659,1.086775
1,20200422  07:19:00,1.087155,1.086775,1.086775,1.08715
1,20200422  07:20:00,1.08725,1.0871,1.08715,1.087135
1,20200422  07:21:00,1.08727,1.087125,1.087135,1.087235
1,20200422  07:22:00,1.0873,1.087125,1.087235,1.087225
1,20200422  07:23:00,1.087255,1.087165,1.087225,1.087235
1,20200422  07:24:00,1.087255,1.087015,1.087235,1.087085
1,20200422  07:25:00,1.08737,1.087075,1.087085,1.087315
1,20200422  07:26:00,1.087385,1.087295,1.087315,1.087385
1,20200422  07:27:00,1.08742,1.087295,1.087385,1.08742
1,20200422  07:28:00,1.08752,1.0874,1.08742,1.087475
1,20200422  07:29:00,1.087515,1.087265,1.087475,1.087265
1,20200422  07:30:00,1.087735,1.087255,1.087265,1.08761
1,20200422  07:31:00,1.08774,1.087525,1.08761,1.087625
1,20200422  07:32:00,1.087665,1.087415,1.087625,1.087525
1,20200422  07:33:00,1.087565,1.087285,1.087525,1.087295
1,20200422  07:34:00,1.08736,1.08679,1.087295,1.086855
1,20200422  07:35:00,1.087505,1.086855,1.086855,1.087505
1,20200422  07:36:00,1.0876,1.087345,1.087505,1.087355
1,20200422  07:37:00,1.08737,1.087215,1.087355,1.087335
1,20200422  07:38:00,1.087355,1.087065,1.087335,1.087075
1,20200422  07:39:00,1.08708,1.08687,1.087075,1.086915
1,20200422  07:40:00,1.08712,1.086885,1.086915,1.087065
1,20200422  07:41:00,1.087245,1.087035,1.087065,1.087035
1,20200422  07:42:00,1.08717,1.086775,1.087035,1.086845
1,20200422  07:43:00,1.087115,1.086685,1.086845,1.087095
1,20200422  07:44:00,1.0872,1.087035,1.087095,1.087125
1,20200422  07:45:00,1.087295,1.0871,1.087125,1.087255
1,20200422  07:46:00,1.087445,1.08724,1.087255,1.087415
1,20200422  07:47:00,1.08759,1.087385,1.087415,1.087525
1,20200422  07:48:00,1.087525,1.087365,1.087525,1.087405
1,20200422  07:49:00,1.08746,1.087335,1.087405,1.08735
1,20200422  07:50:00,1.087475,1.087325,1.08735,1.087385
1,20200422  07:51:00,1.08753,1.08738,1.087385,1.087405
1,20200422  07:52:00,1.08753,1.08734,1.087405,1.087475
1,20200422  07:53:00,1.08748,1.087195,1.087475,1.087385
1,20200422  07:54:00,1.087515,1.08731,1.087385,1.087415
1,20200422  07:55:00,1.087515,1.08713,1.087415,1.087175
1,20200422  07:56:00,1.087215,1.086985,1.087175,1.086985
1,20200422  07:57:00,1.087125,1.086925,1.086985,1.086925
1,20200422  07:58:00,1.08703,1.086855,1.086925,1.087015
1,20200422  07:59:00,1.087035,1.086855,1.087015,1.086875
1,20200422  08:00:00,1.086875,1.08615,1.086875,1.086545
1,20200422  08:01:00,1.086545,1.086245,1.086545,1.086275
1,20200422  08:02:00,1.086465,1.08599,1.086275,1.086375
1,20200422  08:03:00,1.086465,1.086335,1.086375,1.08642
1,20200422  08:04:00,1.08651,1.086305,1.08642,1.086465
1,20200422  08:05:00,1.08659,1.08615,1.086465,1.086195
1,20200422  08:06:00,1.086245,1.086135,1.086195,1.086195
1,20200422  08:07:00,1.086205,1.086015,1.086195,1.086025
1,20200422  08:08:00,1.086085,1.085925,1.086025,1.085975
1,20200422  08:09:00,1.086105,1.085805,1.085975,1.086105
1,20200422  08:10:00,1.086285,1.08608,1.086105,1.086175
1,20200422  08:11:00,1.086175,1.08599,1.086175,1.08609
1,20200422  08:12:00,1.086455,1.086075,1.08609,1.086355
1,20200422  08:13:00,1.086565,1.08634,1.086355,1.0865
1,20200422  08:14:00,1.086625,1.08643,1.0865,1.086495
1,20200422  08:15:00,1.086595,1.08644,1.086495,1.08659
1,20200422  08:16:00,1.086615,1.08644,1.08659,1.086555
1,20200422  08:17:00,1.086685,1.086515,1.086555,1.086635
1,20200422  08:18:00,1.086805,1.086555,1.086635,1.086795
1,20200422  08:19:00,1.086905,1.086745,1.086795,1.086855
1,20200422  08:20:00,1.086885,1.086775,1.086855,1.086885
1,20200422  08:21:00,1.086975,1.086835,1.086885,1.086895
1,20200422  08:22:00,1.086895,1.08652,1.086895,1.086575
1,20200422  08:23:00,1.086745,1.086545,1.086575,1.086715
1,20200422  08:24:00,1.08684,1.086635,1.086715,1.086815
1,20200422  08:25:00,1.087035,1.086815,1.086815,1.087005
1,20200422  08:26:00,1.0872,1.086915,1.087005,1.087135
1,20200422  08:27:00,1.08718,1.086715,1.087135,1.086745
1,20200422  08:28:00,1.08685,1.086625,1.086745,1.086725
1,20200422  08:29:00,1.086815,1.086615,1.086725,1.086795
1,20200422  08:30:00,1.0868,1.08661,1.086795,1.086745
1,20200422  08:31:00,1.08684,1.086685,1.086745,1.086785
1,20200422  08:32:00,1.0868,1.086505,1.086785,1.086525
1,20200422  08:33:00,1.086525,1.086225,1.086525,1.086295
1,20200422  08:34:00,1.086335,1.08616,1.086295,1.08633
1,20200422  08:35:00,1.08637,1.086045,1.08633,1.086095
1,20200422  08:36:00,1.08614,1.08596,1.086095,1.085965
1,20200422  08:37:00,1.08605,1.085905,1.085965,1.08592
1,20200422  08:38:00,1.086015,1.08572,1.08592,1.08601
1,20200422  08:39:00,1.08651,1.08601,1.08601,1.08649
1,20200422  08:40:00,1.086615,1.086475,1.08649,1.086535
1,20200422  08:41:00,1.08657,1.08611,1.086535,1.08615
1,20200422  08:42:00,1.086455,1.086145,1.08615,1.086315
1,20200422  08:43:00,1.08642,1.08622,1.086315,1.086265
1,20200422  08:44:00,1.086345,1.085845,1.086265,1.085865
1,20200422  08:45:00,1.08615,1.085855,1.085865,1.086115
1,20200422  08:46:00,1.086125,1.085945,1.086115,1.086085
1,20200422  08:47:00,1.08609,1.085745,1.086085,1.0858
1,20200422  08:48:00,1.085925,1.08572,1.0858,1.08589
1,20200422  08:49:00,1.085915,1.085585,1.08589,1.085595
1,20200422  08:50:00,1.085655,1.085525,1.085595,1.085655
1,20200422  08:51:00,1.085655,1.085415,1.085655,1.08546
1,20200422  08:52:00,1.085585,1.085305,1.08546,1.085525
1,20200422  08:53:00,1.08554,1.08529,1.085525,1.085425
1,20200422  08:54:00,1.085595,1.08536,1.085425,1.085455
1,20200422  08:55:00,1.08567,1.085445,1.085455,1.085665
1,20200422  08:56:00,1.085735,1.085585,1.085665,1.085685
1,20200422  08:57:00,1.085685,1.085245,1.085685,1.085315
1,20200422  08:58:00,1.085505,1.085305,1.085315,1.085365
1,20200422  08:59:00,1.08542,1.085045,1.085365,1.085165
1,20200422  09:00:00,1.085205,1.084925,1.085165,1.085105
1,20200422  09:01:00,1.085365,1.085105,1.085105,1.08517
1,20200422  09:02:00,1.085195,1.084965,1.08517,1.085175
1,20200422  09:03:00,1.085365,1.085135,1.085175,1.085165
1,20200422  09:04:00,1.085415,1.08516,1.085165,1.08539
1,20200422  09:05:00,1.085565,1.085275,1.08539,1.08554
1,20200422  09:06:00,1.085545,1.085275,1.08554,1.085305
1,20200422  09:07:00,1.085415,1.085165,1.085305,1.085215
1,20200422  09:08:00,1.085365,1.085175,1.085215,1.085295
1,20200422  09:09:00,1.085495,1.085255,1.085295,1.085455
1,20200422  09:10:00,1.085575,1.085415,1.085455,1.085455
1,20200422  09:11:00,1.08554,1.08538,1.085455,1.085475
1,20200422  09:12:00,1.085475,1.085265,1.085475,1.08533
1,20200422  09:13:00,1.08533,1.084975,1.08533,1.085165
1,20200422  09:14:00,1.085425,1.084995,1.085165,1.08502
1,20200422  09:15:00,1.085295,1.084985,1.08502,1.085295
1,20200422  09:16:00,1.085385,1.0852,1.085295,1.085275
1,20200422  09:17:00,1.08528,1.08493,1.085275,1.084985
1,20200422  09:18:00,1.084985,1.084625,1.084985,1.08467
1,20200422  09:19:00,1.0848,1.084575,1.08467,1.084595
1,20200422  09:20:00,1.084615,1.084195,1.084595,1.08422
1,20200422  09:21:00,1.084255,1.084015,1.08422,1.084085
1,20200422  09:22:00,1.084155,1.08398,1.084085,1.084055
1,20200422  09:23:00,1.08413,1.083315,1.084055,1.083525
1,20200422  09:24:00,1.0837,1.083435,1.083525,1.08364
1,20200422  09:25:00,1.083895,1.08363,1.08364,1.08381
1,20200422  09:26:00,1.083905,1.083675,1.08381,1.083735
1,20200422  09:27:00,1.0839,1.08358,1.083735,1.083875
1,20200422  09:28:00,1.084015,1.083725,1.083875,1.083985
1,20200422  09:29:00,1.08401,1.083655,1.083985,1.083825
1,20200422  09:30:00,1.083875,1.08361,1.083825,1.083695
1,20200422  09:31:00,1.083965,1.083655,1.083695,1.083935
1,20200422  09:32:00,1.083985,1.083755,1.083935,1.083755
1,20200422  09:33:00,1.083785,1.083515,1.083755,1.083545
1,20200422  09:34:00,1.08369,1.083495,1.083545,1.083595
1,20200422  09:35:00,1.083815,1.083575,1.083595,1.083715
1,20200422  09:36:00,1.083785,1.083675,1.083715,1.083765
1,20200422  09:37:00,1.083785,1.083525,1.083765,1.083635
1,20200422  09:38:00,1.083645,1.083025,1.083635,1.083155
1,20200422  09:39:00,1.083385,1.083155,1.083155,1.083375
1,20200422  09:40:00,1.083635,1.08336,1.083375,1.083585
1,20200422  09:41:00,1.083825,1.083525,1.083585,1.083805
1,20200422  09:42:00,1.083965,1.0838,1.083805,1.083855
1,20200422  09:43:00,1.08397,1.08369,1.083855,1.08382
1,20200422  09:44:00,1.084085,1.08361,1.08382,1.08361
1,20200422  09:45:00,1.083695,1.083465,1.08361,1.08348
1,20200422  09:46:00,1.08348,1.083205,1.08348,1.083225
1,20200422  09:47:00,1.083265,1.08301,1.083225,1.083205
1,20200422  09:48:00,1.083245,1.082955,1.083205,1.083035
1,20200422  09:49:00,1.083475,1.083035,1.083035,1.08343
1,20200422  09:50:00,1.08377,1.08343,1.08343,1.083715
1,20200422  09:51:00,1.08381,1.083555,1.083715,1.083625
1,20200422  09:52:00,1.083625,1.083255,1.083625,1.08326
1,20200422  09:53:00,1.083565,1.083235,1.08326,1.08343
1,20200422  09:54:00,1.083455,1.0831,1.08343,1.083145
1,20200422  09:55:00,1.083405,1.082935,1.083145,1.083405
1,20200422  09:56:00,1.083585,1.08326,1.083405,1.083375
1,20200422  09:57:00,1.083455,1.08282,1.083375,1.082895
1,20200422  09:58:00,1.0829,1.082595,1.082895,1.08261
1,20200422  09:59:00,1.083115,1.08256,1.08261,1.082925
1,20200422  10:00:00,1.082935,1.082625,1.082925,1.082675
1,20200422  10:01:00,1.082775,1.082595,1.082675,1.082625
1,20200422  10:02:00,1.082635,1.082425,1.082625,1.082575
1,20200422  10:03:00,1.082575,1.082465,1.082575,1.082465
1,20200422  10:04:00,1.08247,1.08205,1.082465,1.082405
1,20200422  10:05:00,1.082865,1.0824,1.082405,1.082865
1,20200422  10:06:00,1.082865,1.08273,1.082865,1.082765
1,20200422  10:07:00,1.082765,1.082505,1.082765,1.082545
1,20200422  10:08:00,1.08281,1.082505,1.082545,1.082665
1,20200422  10:09:00,1.08282,1.082645,1.082665,1.082775
1,20200422  10:10:00,1.08287,1.082685,1.082775,1.082765
1,20200422  10:11:00,1.082965,1.082735,1.082765,1.08291
1,20200422  10:12:00,1.082915,1.082625,1.08291,1.08291
1,20200422  10:13:00,1.08293,1.082525,1.08291,1.082605
1,20200422  10:14:00,1.082685,1.082525,1.082605,1.082625
1,20200422  10:15:00,1.082695,1.082535,1.082625,1.082665
1,20200422  10:16:00,1.083065,1.08266,1.082665,1.083035
1,20200422  10:17:00,1.083285,1.08292,1.083035,1.083145
1,20200422  10:18:00,1.08342,1.083145,1.083145,1.083345
1,20200422  10:19:00,1.083435,1.083245,1.083345,1.083375
1,20200422  10:20:00,1.083435,1.082885,1.083375,1.083025
1,20200422  10:21:00,1.083195,1.082995,1.083025,1.083045
1,20200422  10:22:00,1.083225,1.08292,1.083045,1.082965
1,20200422  10:23:00,1.083,1.08289,1.082965,1.082965
1,20200422  10:24:00,1.08307,1.08286,1.082965,1.083045
1,20200422  10:25:00,1.083225,1.08299,1.083045,1.08322
1,20200422  10:26:00,1.083295,1.08318,1.08322,1.083275
1,20200422  10:27:00,1.083305,1.083135,1.083275,1.083145
1,20200422  10:28:00,1.083275,1.082875,1.083145,1.082875
1,20200422  10:29:00,1.082935,1.082805,1.082875,1.082875
1,20200422  10:30:00,1.083105,1.08283,1.082875,1.083015
1,20200422  10:31:00,1.083085,1.082895,1.083015,1.082995
1,20200422  10:32:00,1.083035,1.08273,1.082995,1.082755
1,20200422  10:33:00,1.08285,1.08275,1.082755,1.082795
1,20200422  10:34:00,1.082865,1.082735,1.082795,1.082805
1,20200422  10:35:00,1.082935,1.08273,1.082805,1.082895
1,20200422  10:36:00,1.083085,1.082875,1.082895,1.082935
1,20200422  10:37:00,1.083085,1.082895,1.082935,1.08291
1,20200422  10:38:00,1.08291,1.082695,1.08291,1.08282
1,20200422  10:39:00,1.082865,1.082705,1.08282,1.08273
1,20200422  10:40:00,1.082795,1.082625,1.08273,1.082665
1,20200422  10:41:00,1.082735,1.082615,1.082665,1.082735
1,20200422  10:42:00,1.08289,1.08266,1.082735,1.082875
1,20200422  10:43:00,1.08289,1.082675,1.082875,1.082825
1,20200422  10:44:00,1.082995,1.082795,1.082825,1.082995
1,20200422  10:45:00,1.083035,1.082945,1.082995,1.083035
1,20200422  10:46:00,1.083035,1.082865,1.083035,1.082925
1,20200422  10:47:00,1.083175,1.082905,1.082925,1.083085
1,20200422  10:48:00,1.083125,1.082995,1.083085,1.082995
1,20200422  10:49:00,1.083145,1.082875,1.082995,1.083145
1,20200422  10:50:00,1.083195,1.083085,1.083145,1.083125
1,20200422  10:51:00,1.08316,1.08308,1.083125,1.083085
1,20200422  10:52:00,1.083135,1.082975,1.083085,1.083085
1,20200422  10:53:00,1.083125,1.082995,1.083085,1.083085
1,20200422  10:54:00,1.083195,1.08296,1.083085,1.083155
1,20200422  10:55:00,1.08316,1.08283,1.083155,1.082875
1,20200422  10:56:00,1.082905,1.082645,1.082875,1.082645
1,20200422  10:57:00,1.082675,1.082605,1.082645,1.082645
1,20200422  10:58:00,1.082875,1.08256,1.082645,1.082765
1,20200422  10:59:00,1.08295,1.082765,1.082765,1.082905
1,20200422  11:00:00,1.082905,1.082735,1.082905,1.082805
1,20200422  11:01:00,1.082865,1.082765,1.082805,1.082855
1,20200422  11:02:00,1.082935,1.082795,1.082855,1.082825
1,20200422  11:03:00,1.082825,1.082715,1.082825,1.08273
1,20200422  11:04:00,1.08273,1.082555,1.08273,1.082575
1,20200422  11:05:00,1.082685,1.08256,1.082575,1.08264
1,20200422  11:06:00,1.082735,1.082515,1.08264,1.082515
1,20200422  11:07:00,1.082525,1.082255,1.082515,1.082275
1,20200422  11:08:00,1.082285,1.08205,1.082275,1.082075
1,20200422  11:09:00,1.08219,1.082075,1.082075,1.082085
1,20200422  11:10:00,1.082245,1.08207,1.082085,1.082245
1,20200422  11:11:00,1.082325,1.082195,1.082245,1.082295
1,20200422  11:12:00,1.08245,1.082295,1.082295,1.082405
1,20200422  11:13:00,1.0825,1.082335,1.082405,1.082495
1,20200422  11:14:00,1.082495,1.082185,1.082495,1.082315
1,20200422  11:15:00,1.082405,1.082275,1.082315,1.082345
1,20200422  11:16:00,1.082405,1.082275,1.082345,1.082325
1,20200422  11:17:00,1.08237,1.08229,1.082325,1.082335
1,20200422  11:18:00,1.08238,1.08231,1.082335,1.082325
1,20200422  11:19:00,1.082325,1.082165,1.082325,1.082175
1,20200422  11:20:00,1.08226,1.082085,1.082175,1.082235
1,20200422  11:21:00,1.08225,1.082185,1.082235,1.082245
1,20200422  11:22:00,1.082295,1.082205,1.082245,1.082265
1,20200422  11:23:00,1.082295,1.082205,1.082265,1.082275
1,20200422  11:24:00,1.082295,1.082185,1.082275,1.082185
1,20200422  11:25:00,1.08225,1.082065,1.082185,1.082095
1,20200422  11:26:00,1.082175,1.08161,1.082095,1.0817
1,20200422  11:27:00,1.08177,1.081415,1.0817,1.081485
1,20200422  11:28:00,1.081505,1.08134,1.081485,1.081475
1,20200422  11:29:00,1.081825,1.081475,1.081475,1.081615
1,20200422  11:30:00,1.081825,1.081575,1.081615,1.081785
1,20200422  11:31:00,1.081845,1.081725,1.081785,1.081725
1,20200422  11:32:00,1.081725,1.081565,1.081725,1.081575
1,20200422  11:33:00,1.081725,1.081555,1.081575,1.081715
1,20200422  11:34:00,1.08177,1.081715,1.081715,1.081725
1,20200422  11:35:00,1.08176,1.081665,1.081725,1.081705
1,20200422  11:36:00,1.08186,1.0817,1.081705,1.081785
1,20200422  11:37:00,1.081865,1.08169,1.081785,1.081855
1,20200422  11:38:00,1.08186,1.081665,1.081855,1.08182
1,20200422  11:39:00,1.081855,1.081715,1.08182,1.081825
1,20200422  11:40:00,1.08195,1.081815,1.081825,1.08194
1,20200422  11:41:00,1.08194,1.0817,1.08194,1.081715
1,20200422  11:42:00,1.08188,1.0817,1.081715,1.08182
1,20200422  11:43:00,1.08182,1.081605,1.08182,1.081615
1,20200422  11:44:00,1.08168,1.081525,1.081615,1.081625
1,20200422  11:45:00,1.08168,1.08159,1.081625,1.081645
1,20200422  11:46:00,1.081685,1.081605,1.081645,1.081635
1,20200422  11:47:00,1.08168,1.081565,1.081635,1.081625
1,20200422  11:48:00,1.081715,1.08161,1.081625,1.081715
1,20200422  11:49:00,1.081765,1.081575,1.081715,1.081575
1,20200422  11:50:00,1.081595,1.081565,1.081575,1.08159
1,20200422  11:51:00,1.08159,1.081375,1.08159,1.081485
1,20200422  11:52:00,1.08159,1.081425,1.081485,1.081465
1,20200422  11:53:00,1.08151,1.081375,1.081465,1.081485
1,20200422  11:54:00,1.08159,1.081455,1.081485,1.0815
1,20200422  11:55:00,1.08163,1.081465,1.0815,1.081615
1,20200422  11:56:00,1.0817,1.081475,1.081615,1.081575
1,20200422  11:57:00,1.081595,1.08101,1.081575,1.0814
1,20200422  11:58:00,1.081525,1.081365,1.0814,1.081395
1,20200422  11:59:00,1.081615,1.081325,1.081395,1.081575
1,20200422  12:00:00,1.081585,1.081285,1.081575,1.08142
1,20200422  12:01:00,1.08142,1.081205,1.08142,1.08126
1,20200422  12:02:00,1.08137,1.081215,1.08126,1.08122
1,20200422  12:03:00,1.081415,1.08117,1.08122,1.081415
1,20200422  12:04:00,1.081485,1.081375,1.081415,1.08148
1,20200422  12:05:00,1.08155,1.081455,1.08148,1.081505
1,20200422  12:06:00,1.08161,1.08143,1.081505,1.081465
1,20200422  12:07:00,1.081625,1.08142,1.081465,1.081525
1,20200422  12:08:00,1.081625,1.081505,1.081525,1.081555
1,20200422  12:09:00,1.08167,1.081505,1.081555,1.081595
1,20200422  12:10:00,1.081595,1.081505,1.081595,1.081575
1,20200422  12:11:00,1.081675,1.081555,1.081575,1.081625
1,20200422  12:12:00,1.081725,1.081555,1.081625,1.08168
1,20200422  12:13:00,1.08168,1.081415,1.08168,1.081495
1,20200422  12:14:00,1.08167,1.081495,1.081495,1.081655
1,20200422  12:15:00,1.081665,1.081345,1.081655,1.081365
1,20200422  12:16:00,1.08149,1.08134,1.081365,1.081355
1,20200422  12:17:00,1.081445,1.08126,1.081355,1.081305
1,20200422  12:18:00,1.08131,1.081155,1.081305,1.081225
1,20200422  12:19:00,1.08132,1.08116,1.081225,1.081215
1,20200422  12:20:00,1.08123,1.08119,1.081215,1.081205
1,20200422  12:21:00,1.081295,1.081005,1.081205,1.081005
1,20200422  12:22:00,1.081065,1.08075,1.081005,1.080765
1,20200422  12:23:00,1.08096,1.080765,1.080765,1.080945
1,20200422  12:24:00,1.08106,1.08091,1.080945,1.081015
1,20200422  12:25:00,1.08116,1.081015,1.081015,1.081045
1,20200422  12:26:00,1.08123,1.08103,1.081045,1.081225
1,20200422  12:27:00,1.08127,1.081195,1.081225,1.08124
1,20200422  12:28:00,1.081325,1.081125,1.08124,1.081125
1,20200422  12:29:00,1.081125,1.080965,1.081125,1.081005
1,20200422  12:30:00,1.081055,1.08071,1.081005,1.08071
1,20200422  12:31:00,1.08071,1.080435,1.08071,1.080475
1,20200422  12:32:00,1.080625,1.08047,1.080475,1.080625
1,20200422  12:33:00,1.080675,1.080535,1.080625,1.080535
1,20200422  12:34:00,1.080555,1.08033,1.080535,1.080365
1,20200422  12:35:00,1.081145,1.080365,1.080365,1.08107
1,20200422  12:36:00,1.08116,1.08098,1.08107,1.080995
1,20200422  12:37:00,1.081175,1.080975,1.080995,1.081175
1,20200422  12:38:00,1.081285,1.081125,1.081175,1.081175
1,20200422  12:39:00,1.081175,1.080975,1.081175,1.081035
1,20200422  12:40:00,1.08106,1.080965,1.081035,1.08106
1,20200422  12:41:00,1.081145,1.08103,1.08106,1.081035
1,20200422  12:42:00,1.081245,1.081035,1.081035,1.081065
1,20200422  12:43:00,1.08115,1.08098,1.081065,1.081085
1,20200422  12:44:00,1.081245,1.081075,1.081085,1.081095
1,20200422  12:45:00,1.081185,1.08098,1.081095,1.08098
1,20200422  12:46:00,1.08104,1.080975,1.08098,1.080975
1,20200422  12:47:00,1.081125,1.080975,1.080975,1.081065
1,20200422  12:48:00,1.081095,1.08099,1.081065,1.081085
1,20200422  12:49:00,1.0811,1.080975,1.081085,1.080975
1,20200422  12:50:00,1.08103,1.080975,1.080975,1.081015
1,20200422  12:51:00,1.081175,1.081005,1.081015,1.08115
1,20200422  12:52:00,1.081175,1.08112,1.08115,1.081125
1,20200422  12:53:00,1.08131,1.0811,1.081125,1.081245
1,20200422  12:54:00,1.081245,1.081205,1.081245,1.081245
1,20200422  12:55:00,1.081415,1.081185,1.081245,1.08135
1,20200422  12:56:00,1.08137,1.081245,1.08135,1.08133
1,20200422  12:57:00,1.0814,1.081275,1.08133,1.08138
1,20200422  12:58:00,1.081415,1.081315,1.08138,1.081375
1,20200422  12:59:00,1.08151,1.081375,1.081375,1.081415
1,20200422  13:00:00,1.0815,1.08126,1.081415,1.081475
1,20200422  13:01:00,1.081545,1.081445,1.081475,1.081485
1,20200422  13:02:00,1.081525,1.081455,1.081485,1.081475
1,20200422  13:03:00,1.0815,1.081465,1.081475,1.08148
1,20200422  13:04:00,1.0815,1.081445,1.08148,1.08148
1,20200422  13:05:00,1.08153,1.08143,1.08148,1.081485
1,20200422  13:06:00,1.081565,1.081485,1.081485,1.081545
1,20200422  13:07:00,1.081555,1.08151,1.081545,1.081535
1,20200422  13:08:00,1.081545,1.081465,1.081535,1.081475
1,20200422  13:09:00,1.081565,1.081445,1.081475,1.081535
1,20200422  13:10:00,1.081535,1.081475,1.081535,1.081535
1,20200422  13:11:00,1.081605,1.08152,1.081535,1.081565
1,20200422  13:12:00,1.08168,1.081555,1.081565,1.08159
1,20200422  13:13:00,1.081595,1.0815,1.08159,1.081505
1,20200422  13:14:00,1.081595,1.081495,1.081505,1.081505
1,20200422  13:15:00,1.081555,1.081475,1.081505,1.081545
1,20200422  13:16:00,1.081625,1.081545,1.081545,1.081565
1,20200422  13:17:00,1.081565,1.081465,1.081565,1.0815
1,20200422  13:18:00,1.081555,1.081495,1.0815,1.0815
1,20200422  13:19:00,1.08154,1.081455,1.0815,1.081495
1,20200422  13:20:00,1.081525,1.081465,1.081495,1.081485
1,20200422  13:21:00,1.08158,1.081465,1.081485,1.081485
1,20200422  13:22:00,1.081535,1.081455,1.081485,1.081475
1,20200422  13:23:00,1.081525,1.081445,1.081475,1.08148
1,20200422  13:24:00,1.081505,1.08148,1.08148,1.081485
1,20200422  13:25:00,1.081515,1.08145,1.081485,1.081485
1,20200422  13:26:00,1.081595,1.08146,1.081485,1.081595
1,20200422  13:27:00,1.081615,1.081455,1.081595,1.0815
1,20200422  13:28:00,1.081605,1.081495,1.0815,1.081605
1,20200422  13:29:00,1.081615,1.081565,1.0816,1.081605
1,20200422  13:30:00,1.08168,1.0816,1.081605,1.081655
1,20200422  13:31:00,1.081805,1.081655,1.081655,1.081755
1,20200422  13:32:00,1.08189,1.081755,1.081755,1.081855
1,20200422  13:33:00,1.081855,1.081655,1.081855,1.0817
1,20200422  13:34:00,1.08176,1.08161,1.081705,1.081685
1,20200422  13:35:00,1.0817,1.08161,1.081685,1.081655
1,20200422  13:36:00,1.081665,1.0816,1.081655,1.081655
1,20200422  13:37:00,1.08166,1.08152,1.081655,1.081525
1,20200422  13:38:00,1.081595,1.081505,1.081525,1.081595
1,20200422  13:39:00,1.08163,1.081535,1.081595,1.08155
1,20200422  13:40:00,1.08166,1.081475,1.08155,1.081645
1,20200422  13:41:00,1.0817,1.081545,1.081645,1.081545
1,20200422  13:42:00,1.081605,1.081505,1.081545,1.08151
1,20200422  13:43:00,1.081555,1.081485,1.08151,1.081555
1,20200422  13:44:00,1.08166,1.081505,1.081555,1.081655
1,20200422  13:45:00,1.08166,1.081465,1.081655,1.081545
1,20200422  13:46:00,1.08159,1.0815,1.081545,1.081555
1,20200422  13:47:00,1.081765,1.081535,1.081555,1.081765
1,20200422  13:48:00,1.081985,1.081725,1.081765,1.08191
1,20200422  13:49:00,1.082335,1.081905,1.08191,1.082325
1,20200422  13:50:00,1.082405,1.082235,1.082325,1.082295
1,20200422  13:51:00,1.082475,1.08229,1.082295,1.082445
1,20200422  13:52:00,1.08259,1.082435,1.082445,1.082475
A1,20200422  13:52:00,1.08259,1.08238,1.082445,1.08238
