1010101445,22042020  13:52:26,1010101444,1397787001,0,Submitted,0.0,100.0,0.0,0.0
1010101446,22042020  13:52:26,1010101444,1397787002,0,PreSubmitted,0.0,100.0,0.0,0.0
1010101447,22042020  13:52:43,0,1397787003,0,PreSubmitted,0.0,100.0,0.0,0.0
1010101448,22042020  13:52:43,1010101447,1397787004,0,PreSubmitted,0.0,100.0,0.0,0.0
1010101448,22042020  13:52:43,1010101447,1397787004,0,PendingSubmit,0.0,100.0,0.0,0.0
1010101448,22042020  13:52:43,1010101447,1397787004,0,PreSubmitted,0.0,100.0,0.0,0.0
1010101447,22042020  13:52:43,0,1397787003,0,Submitted,0.0,100.0,0.0,0.0
1010101449,22042020  13:52:43,1010101447,1397787005,0,PendingSubmit,0.0,100.0,0.0,0.0
1010101449,22042020  13:52:43,1010101447,1397787005,0,PreSubmitted,0.0,100.0,0.0,0.0
1010101448,22042020  13:52:43,1010101447,1397787004,0,PreSubmitted,0.0,100.0,0.0,0.0
1010101449,22042020  13:52:43,1010101447,1397787005,0,PreSubmitted,0.0,100.0,0.0,0.0
1010101448,22042020  13:52:43,1010101447,1397787004,0,PendingSubmit,0.0,100.0,0.0,0.0
1010101449,22042020  13:52:43,1010101447,1397787005,0,PendingSubmit,0.0,100.0,0.0,0.0
1010101448,22042020  13:52:43,1010101447,1397787004,0,PreSubmitted,0.0,100.0,0.0,0.0
1010101449,22042020  13:52:43,1010101447,1397787005,0,PreSubmitted,0.0,100.0,0.0,0.0
1010101448,22042020  13:52:44,1010101447,1397787004,0,PreSubmitted,0.0,100.0,0.0,0.0
1010101449,22042020  13:52:45,1010101447,1397787005,0,PreSubmitted,0.0,100.0,0.0,0.0
1010101448,22042020  13:52:45,1010101447,1397787004,0,PreSubmitted,0.0,100.0,0.0,0.0
1010101449,22042020  13:52:46,1010101447,1397787005,0,PreSubmitted,0.0,100.0,0.0,0.0
1010101448,22042020  13:52:47,1010101447,1397787004,0,PreSubmitted,0.0,100.0,0.0,0.0
1010101449,22042020  13:52:47,1010101447,1397787005,0,PreSubmitted,0.0,100.0,0.0,0.0
1010101448,22042020  13:52:49,1010101447,1397787004,0,PreSubmitted,0.0,100.0,0.0,0.0
1010101449,22042020  13:52:49,1010101447,1397787005,0,PreSubmitted,0.0,100.0,0.0,0.0
1010101448,22042020  13:52:49,1010101447,1397787004,0,PreSubmitted,0.0,100.0,0.0,0.0
1010101449,22042020  13:52:50,1010101447,1397787005,0,PreSubmitted,0.0,100.0,0.0,0.0
1010101448,22042020  13:52:50,1010101447,1397787004,0,PreSubmitted,0.0,100.0,0.0,0.0
1010101449,22042020  13:52:50,1010101447,1397787005,0,PendingSubmit,0.0,100.0,0.0,0.0
1010101448,22042020  13:52:50,1010101447,1397787004,0,PreSubmitted,0.0,100.0,0.0,0.0
1010101449,22042020  13:52:50,1010101447,1397787005,0,PreSubmitted,0.0,100.0,0.0,0.0
1010101448,22042020  13:52:53,1010101447,1397787004,0,PreSubmitted,0.0,100.0,0.0,0.0
1010101449,22042020  13:52:53,1010101447,1397787005,0,PreSubmitted,0.0,100.0,0.0,0.0
1010101449,22042020  13:52:53,1010101447,1397787005,0,PreSubmitted,0.0,100.0,0.0,0.0
1010101449,22042020  13:52:53,1010101447,1397787005,0,PreSubmitted,0.0,100.0,0.0,0.0
