89,27042020  13:05:35,0,1545012265,0,PreSubmitted,0.0,10.0,0.0,0.0
90,27042020  13:05:35,89,1545012266,0,PreSubmitted,0.0,10.0,0.0,0.0
90,27042020  13:05:35,89,1545012266,0,PreSubmitted,0.0,10.0,0.0,0.0
90,27042020  13:05:35,89,1545012266,0,PreSubmitted,0.0,10.0,0.0,0.0
89,27042020  13:05:35,0,1545012265,0,Submitted,0.0,10.0,0.0,0.0
91,27042020  13:05:35,89,1545012267,0,PreSubmitted,0.0,10.0,0.0,0.0
91,27042020  13:05:35,89,1545012267,0,PreSubmitted,0.0,10.0,0.0,0.0
90,27042020  13:05:36,89,1545012266,0,PendingSubmit,0.0,10.0,0.0,0.0
91,27042020  13:05:36,89,1545012267,0,PendingSubmit,0.0,10.0,0.0,0.0
90,27042020  13:05:36,89,1545012266,0,PreSubmitted,0.0,10.0,0.0,0.0
91,27042020  13:05:36,89,1545012267,0,PreSubmitted,0.0,10.0,0.0,0.0
90,27042020  13:05:38,89,1545012266,0,PreSubmitted,0.0,10.0,0.0,0.0
91,27042020  13:05:38,89,1545012267,0,PreSubmitted,0.0,10.0,0.0,0.0
90,27042020  13:05:41,89,1545012266,0,PreSubmitted,0.0,10.0,0.0,0.0
91,27042020  13:05:41,89,1545012267,0,PreSubmitted,0.0,10.0,0.0,0.0
90,27042020  13:05:41,89,1545012266,0,PreSubmitted,0.0,10.0,0.0,0.0
91,27042020  13:05:41,89,1545012267,0,PreSubmitted,0.0,10.0,0.0,0.0
90,27042020  13:05:43,89,1545012266,0,PreSubmitted,0.0,10.0,0.0,0.0
91,27042020  13:05:43,89,1545012267,0,PreSubmitted,0.0,10.0,0.0,0.0
90,27042020  13:05:44,89,1545012266,0,PreSubmitted,0.0,10.0,0.0,0.0
91,27042020  13:05:44,89,1545012267,0,PreSubmitted,0.0,10.0,0.0,0.0
90,27042020  13:05:46,89,1545012266,0,PreSubmitted,0.0,10.0,0.0,0.0
91,27042020  13:05:46,89,1545012267,0,PreSubmitted,0.0,10.0,0.0,0.0
90,27042020  13:05:46,89,1545012266,0,PreSubmitted,0.0,10.0,0.0,0.0
91,27042020  13:05:46,89,1545012267,0,PreSubmitted,0.0,10.0,0.0,0.0
90,27042020  13:05:47,89,1545012266,0,PreSubmitted,0.0,10.0,0.0,0.0
91,27042020  13:05:47,89,1545012267,0,PendingSubmit,0.0,10.0,0.0,0.0
90,27042020  13:05:47,89,1545012266,0,PreSubmitted,0.0,10.0,0.0,0.0
91,27042020  13:05:47,89,1545012267,0,PreSubmitted,0.0,10.0,0.0,0.0
90,27042020  13:05:49,89,1545012266,0,PreSubmitted,0.0,10.0,0.0,0.0
91,27042020  13:05:49,89,1545012267,0,PreSubmitted,0.0,10.0,0.0,0.0
90,27042020  13:05:50,89,1545012266,0,PendingSubmit,0.0,10.0,0.0,0.0
91,27042020  13:05:50,89,1545012267,0,PendingSubmit,0.0,10.0,0.0,0.0
90,27042020  13:05:50,89,1545012266,0,PendingSubmit,0.0,10.0,0.0,0.0
91,27042020  13:05:50,89,1545012267,0,PendingSubmit,0.0,10.0,0.0,0.0
90,27042020  13:05:50,89,1545012266,0,PreSubmitted,0.0,10.0,0.0,0.0
91,27042020  13:05:50,89,1545012267,0,PreSubmitted,0.0,10.0,0.0,0.0
90,27042020  13:05:54,89,1545012266,0,PreSubmitted,0.0,10.0,0.0,0.0
91,27042020  13:05:54,89,1545012267,0,PreSubmitted,0.0,10.0,0.0,0.0
90,27042020  13:05:55,89,1545012266,0,PreSubmitted,0.0,10.0,0.0,0.0
91,27042020  13:05:55,89,1545012267,0,PreSubmitted,0.0,10.0,0.0,0.0
90,27042020  13:05:56,89,1545012266,0,PreSubmitted,0.0,10.0,0.0,0.0
91,27042020  13:05:56,89,1545012267,0,PendingSubmit,0.0,10.0,0.0,0.0
90,27042020  13:05:56,89,1545012266,0,PreSubmitted,0.0,10.0,0.0,0.0
91,27042020  13:05:56,89,1545012267,0,PreSubmitted,0.0,10.0,0.0,0.0
90,27042020  13:06:00,89,1545012266,0,PreSubmitted,0.0,10.0,0.0,0.0
91,27042020  13:06:00,89,1545012267,0,PendingSubmit,0.0,10.0,0.0,0.0
90,27042020  13:06:00,89,1545012266,0,PreSubmitted,0.0,10.0,0.0,0.0
91,27042020  13:06:00,89,1545012267,0,PendingSubmit,0.0,10.0,0.0,0.0
90,27042020  13:06:00,89,1545012266,0,PreSubmitted,0.0,10.0,0.0,0.0
91,27042020  13:06:01,89,1545012267,0,PreSubmitted,0.0,10.0,0.0,0.0
90,27042020  13:06:04,89,1545012266,0,PreSubmitted,0.0,10.0,0.0,0.0
91,27042020  13:06:04,89,1545012267,0,PreSubmitted,0.0,10.0,0.0,0.0
90,27042020  13:06:04,89,1545012266,0,PreSubmitted,0.0,10.0,0.0,0.0
91,27042020  13:06:04,89,1545012267,0,PreSubmitted,0.0,10.0,0.0,0.0
90,27042020  13:06:05,89,1545012266,0,PreSubmitted,0.0,10.0,0.0,0.0
91,27042020  13:06:05,89,1545012267,0,PreSubmitted,0.0,10.0,0.0,0.0
90,27042020  13:06:05,89,1545012266,0,PreSubmitted,0.0,10.0,0.0,0.0
91,27042020  13:06:05,89,1545012267,0,PreSubmitted,0.0,10.0,0.0,0.0
90,27042020  13:06:06,89,1545012266,0,PreSubmitted,0.0,10.0,0.0,0.0
91,27042020  13:06:06,89,1545012267,0,PreSubmitted,0.0,10.0,0.0,0.0
90,27042020  13:06:10,89,1545012266,0,PreSubmitted,0.0,10.0,0.0,0.0
91,27042020  13:06:10,89,1545012267,0,PreSubmitted,0.0,10.0,0.0,0.0
90,27042020  13:06:10,89,1545012266,0,PreSubmitted,0.0,10.0,0.0,0.0
91,27042020  13:06:11,89,1545012267,0,PreSubmitted,0.0,10.0,0.0,0.0
90,27042020  13:06:11,89,1545012266,0,PendingSubmit,0.0,10.0,0.0,0.0
91,27042020  13:06:11,89,1545012267,0,PendingSubmit,0.0,10.0,0.0,0.0
90,27042020  13:06:11,89,1545012266,0,PreSubmitted,0.0,10.0,0.0,0.0
91,27042020  13:06:11,89,1545012267,0,PreSubmitted,0.0,10.0,0.0,0.0
90,27042020  13:06:13,89,1545012266,0,PreSubmitted,0.0,10.0,0.0,0.0
91,27042020  13:06:13,89,1545012267,0,PreSubmitted,0.0,10.0,0.0,0.0
90,27042020  13:06:14,89,1545012266,0,PreSubmitted,0.0,10.0,0.0,0.0
91,27042020  13:06:14,89,1545012267,0,PreSubmitted,0.0,10.0,0.0,0.0
90,27042020  13:06:15,89,1545012266,0,PreSubmitted,0.0,10.0,0.0,0.0
91,27042020  13:06:15,89,1545012267,0,PreSubmitted,0.0,10.0,0.0,0.0
90,27042020  13:06:15,89,1545012266,0,PreSubmitted,0.0,10.0,0.0,0.0
91,27042020  13:06:15,89,1545012267,0,PendingSubmit,0.0,10.0,0.0,0.0
90,27042020  13:06:16,89,1545012266,0,PreSubmitted,0.0,10.0,0.0,0.0
91,27042020  13:06:16,89,1545012267,0,PreSubmitted,0.0,10.0,0.0,0.0
90,27042020  13:06:18,89,1545012266,0,PreSubmitted,0.0,10.0,0.0,0.0
91,27042020  13:06:18,89,1545012267,0,PreSubmitted,0.0,10.0,0.0,0.0
90,27042020  13:06:20,89,1545012266,0,PreSubmitted,0.0,10.0,0.0,0.0
91,27042020  13:06:20,89,1545012267,0,PreSubmitted,0.0,10.0,0.0,0.0
90,27042020  13:06:20,89,1545012266,0,PreSubmitted,0.0,10.0,0.0,0.0
91,27042020  13:06:21,89,1545012267,0,PreSubmitted,0.0,10.0,0.0,0.0
90,27042020  13:06:21,89,1545012266,0,PreSubmitted,0.0,10.0,0.0,0.0
91,27042020  13:06:21,89,1545012267,0,PreSubmitted,0.0,10.0,0.0,0.0
90,27042020  13:06:24,89,1545012266,0,PreSubmitted,0.0,10.0,0.0,0.0
91,27042020  13:06:24,89,1545012267,0,PreSubmitted,0.0,10.0,0.0,0.0
90,27042020  13:06:26,89,1545012266,0,PendingSubmit,0.0,10.0,0.0,0.0
91,27042020  13:06:26,89,1545012267,0,PendingSubmit,0.0,10.0,0.0,0.0
90,27042020  13:06:26,89,1545012266,0,PendingSubmit,0.0,10.0,0.0,0.0
91,27042020  13:06:26,89,1545012267,0,PendingSubmit,0.0,10.0,0.0,0.0
90,27042020  13:06:26,89,1545012266,0,PreSubmitted,0.0,10.0,0.0,0.0
91,27042020  13:06:26,89,1545012267,0,PreSubmitted,0.0,10.0,0.0,0.0
90,27042020  13:06:26,89,1545012266,0,PreSubmitted,0.0,10.0,0.0,0.0
91,27042020  13:06:26,89,1545012267,0,PreSubmitted,0.0,10.0,0.0,0.0
90,27042020  13:06:27,89,1545012266,0,PreSubmitted,0.0,10.0,0.0,0.0
91,27042020  13:06:27,89,1545012267,0,PreSubmitted,0.0,10.0,0.0,0.0
91,27042020  13:06:27,89,1545012267,0,PreSubmitted,0.0,10.0,0.0,0.0
91,27042020  13:06:27,89,1545012267,0,PreSubmitted,0.0,10.0,0.0,0.0
89,27042020  13:06:27,0,1545012265,0,Filled,10.0,0.0,1.08303,1.08303
89,27042020  13:06:27,0,1545012265,0,Filled,10.0,0.0,1.08303,1.08303
90,27042020  13:06:27,89,1545012266,0,PreSubmitted,0.0,10.0,0.0,0.0
90,27042020  13:06:27,89,1545012266,0,Submitted,0.0,10.0,0.0,0.0
90,27042020  13:06:30,89,1545012266,0,Submitted,0.0,10.0,0.0,0.0
91,27042020  13:06:30,89,1545012267,0,PreSubmitted,0.0,10.0,0.0,0.0
90,27042020  13:06:31,89,1545012266,0,PendingSubmit,0.0,10.0,0.0,0.0
91,27042020  13:06:31,89,1545012267,0,PendingSubmit,0.0,10.0,0.0,0.0
91,27042020  13:06:31,89,1545012267,0,PendingSubmit,0.0,10.0,0.0,0.0
90,27042020  13:06:31,89,1545012266,0,Submitted,0.0,10.0,0.0,0.0
91,27042020  13:06:31,89,1545012267,0,PendingSubmit,0.0,10.0,0.0,0.0
91,27042020  13:06:31,89,1545012267,0,Submitted,0.0,10.0,0.0,0.0
90,27042020  13:06:34,89,1545012266,0,Submitted,0.0,10.0,0.0,0.0
91,27042020  13:06:35,89,1545012267,0,Submitted,0.0,10.0,0.0,0.0
90,27042020  13:06:35,89,1545012266,0,Submitted,0.0,10.0,0.0,0.0
91,27042020  13:06:35,89,1545012267,0,PendingSubmit,0.0,10.0,0.0,0.0
90,27042020  13:06:35,89,1545012266,0,Submitted,0.0,10.0,0.0,0.0
91,27042020  13:06:35,89,1545012267,0,Submitted,0.0,10.0,0.0,0.0
90,27042020  13:06:38,89,1545012266,0,Submitted,0.0,10.0,0.0,0.0
91,27042020  13:06:38,89,1545012267,0,Submitted,0.0,10.0,0.0,0.0
90,27042020  13:06:38,89,1545012266,0,Submitted,0.0,10.0,0.0,0.0
91,27042020  13:06:38,89,1545012267,0,Submitted,0.0,10.0,0.0,0.0
90,27042020  13:06:39,89,1545012266,0,Submitted,0.0,10.0,0.0,0.0
91,27042020  13:06:39,89,1545012267,0,Submitted,0.0,10.0,0.0,0.0
90,27042020  13:06:41,89,1545012266,0,Submitted,0.0,10.0,0.0,0.0
91,27042020  13:06:41,89,1545012267,0,Submitted,0.0,10.0,0.0,0.0
90,27042020  13:06:42,89,1545012266,0,Submitted,0.0,10.0,0.0,0.0
91,27042020  13:06:42,89,1545012267,0,Submitted,0.0,10.0,0.0,0.0
90,27042020  13:06:42,89,1545012266,0,Submitted,0.0,10.0,0.0,0.0
91,27042020  13:06:42,89,1545012267,0,Submitted,0.0,10.0,0.0,0.0
90,27042020  13:06:45,89,1545012266,0,PendingSubmit,0.0,10.0,0.0,0.0
90,27042020  13:06:45,89,1545012266,0,PendingSubmit,0.0,10.0,0.0,0.0
90,27042020  13:06:45,89,1545012266,0,Submitted,0.0,10.0,0.0,0.0
91,27042020  13:06:45,89,1545012267,0,PendingSubmit,0.0,10.0,0.0,0.0
91,27042020  13:06:45,89,1545012267,0,PendingSubmit,0.0,10.0,0.0,0.0
91,27042020  13:06:45,89,1545012267,0,Submitted,0.0,10.0,0.0,0.0
90,27042020  13:06:49,89,1545012266,0,Submitted,0.0,10.0,0.0,0.0
91,27042020  13:06:49,89,1545012267,0,Submitted,0.0,10.0,0.0,0.0
90,27042020  13:06:49,89,1545012266,0,Submitted,0.0,10.0,0.0,0.0
91,27042020  13:06:49,89,1545012267,0,Submitted,0.0,10.0,0.0,0.0
90,27042020  13:06:51,89,1545012266,0,Submitted,0.0,10.0,0.0,0.0
91,27042020  13:06:51,89,1545012267,0,Submitted,0.0,10.0,0.0,0.0
90,27042020  13:06:51,89,1545012266,0,Submitted,0.0,10.0,0.0,0.0
91,27042020  13:06:51,89,1545012267,0,Submitted,0.0,10.0,0.0,0.0
90,27042020  13:06:55,89,1545012266,0,PendingSubmit,0.0,10.0,0.0,0.0
90,27042020  13:06:55,89,1545012266,0,Submitted,0.0,10.0,0.0,0.0
91,27042020  13:06:55,89,1545012267,0,PendingSubmit,0.0,10.0,0.0,0.0
91,27042020  13:06:55,89,1545012267,0,Submitted,0.0,10.0,0.0,0.0
90,27042020  13:06:57,89,1545012266,0,Submitted,0.0,10.0,0.0,0.0
91,27042020  13:06:57,89,1545012267,0,Submitted,0.0,10.0,0.0,0.0
90,27042020  13:06:58,89,1545012266,0,Submitted,0.0,10.0,0.0,0.0
91,27042020  13:06:58,89,1545012267,0,Submitted,0.0,10.0,0.0,0.0
90,27042020  13:07:01,89,1545012266,0,Submitted,0.0,10.0,0.0,0.0
91,27042020  13:07:01,89,1545012267,0,Submitted,0.0,10.0,0.0,0.0
90,27042020  13:07:01,89,1545012266,0,Submitted,0.0,10.0,0.0,0.0
91,27042020  13:07:01,89,1545012267,0,Submitted,0.0,10.0,0.0,0.0
90,27042020  13:07:03,89,1545012266,0,Submitted,0.0,10.0,0.0,0.0
91,27042020  13:07:03,89,1545012267,0,Submitted,0.0,10.0,0.0,0.0
90,27042020  13:07:05,89,1545012266,0,Submitted,0.0,10.0,0.0,0.0
91,27042020  13:07:05,89,1545012267,0,Submitted,0.0,10.0,0.0,0.0
90,27042020  13:07:06,89,1545012266,0,Submitted,0.0,10.0,0.0,0.0
91,27042020  13:07:06,89,1545012267,0,Submitted,0.0,10.0,0.0,0.0
90,27042020  13:07:06,89,1545012266,0,Submitted,0.0,10.0,0.0,0.0
91,27042020  13:07:06,89,1545012267,0,Submitted,0.0,10.0,0.0,0.0
90,27042020  13:07:07,89,1545012266,0,Submitted,0.0,10.0,0.0,0.0
91,27042020  13:07:07,89,1545012267,0,Submitted,0.0,10.0,0.0,0.0
90,27042020  13:07:07,89,1545012266,0,Submitted,0.0,10.0,0.0,0.0
91,27042020  13:07:07,89,1545012267,0,Submitted,0.0,10.0,0.0,0.0
90,27042020  13:07:08,89,1545012266,0,Submitted,0.0,10.0,0.0,0.0
91,27042020  13:07:08,89,1545012267,0,Submitted,0.0,10.0,0.0,0.0
90,27042020  13:07:09,89,1545012266,0,Submitted,0.0,10.0,0.0,0.0
91,27042020  13:07:09,89,1545012267,0,Submitted,0.0,10.0,0.0,0.0
90,27042020  13:07:10,89,1545012266,0,PendingSubmit,0.0,10.0,0.0,0.0
90,27042020  13:07:10,89,1545012266,0,PendingSubmit,0.0,10.0,0.0,0.0
90,27042020  13:07:10,89,1545012266,0,Submitted,0.0,10.0,0.0,0.0
91,27042020  13:07:10,89,1545012267,0,PendingSubmit,0.0,10.0,0.0,0.0
91,27042020  13:07:10,89,1545012267,0,PendingSubmit,0.0,10.0,0.0,0.0
91,27042020  13:07:10,89,1545012267,0,Submitted,0.0,10.0,0.0,0.0
90,27042020  13:07:13,89,1545012266,0,Submitted,0.0,10.0,0.0,0.0
91,27042020  13:07:14,89,1545012267,0,Submitted,0.0,10.0,0.0,0.0
90,27042020  13:07:16,89,1545012266,0,PendingSubmit,0.0,10.0,0.0,0.0
90,27042020  13:07:16,89,1545012266,0,Submitted,0.0,10.0,0.0,0.0
91,27042020  13:07:16,89,1545012267,0,PendingSubmit,0.0,10.0,0.0,0.0
91,27042020  13:07:16,89,1545012267,0,Submitted,0.0,10.0,0.0,0.0
90,27042020  13:07:18,89,1545012266,0,Submitted,0.0,10.0,0.0,0.0
91,27042020  13:07:18,89,1545012267,0,Submitted,0.0,10.0,0.0,0.0
90,27042020  13:07:21,89,1545012266,0,Submitted,0.0,10.0,0.0,0.0
91,27042020  13:07:21,89,1545012267,0,PendingSubmit,0.0,10.0,0.0,0.0
90,27042020  13:07:21,89,1545012266,0,PendingSubmit,0.0,10.0,0.0,0.0
90,27042020  13:07:21,89,1545012266,0,Submitted,0.0,10.0,0.0,0.0
91,27042020  13:07:21,89,1545012267,0,PendingSubmit,0.0,10.0,0.0,0.0
91,27042020  13:07:21,89,1545012267,0,Submitted,0.0,10.0,0.0,0.0
90,27042020  13:07:22,89,1545012266,0,Submitted,0.0,10.0,0.0,0.0
91,27042020  13:07:22,89,1545012267,0,Submitted,0.0,10.0,0.0,0.0
90,27042020  13:07:23,89,1545012266,0,Submitted,0.0,10.0,0.0,0.0
91,27042020  13:07:23,89,1545012267,0,Submitted,0.0,10.0,0.0,0.0
90,27042020  13:07:26,89,1545012266,0,Submitted,0.0,10.0,0.0,0.0
91,27042020  13:07:26,89,1545012267,0,Submitted,0.0,10.0,0.0,0.0
90,27042020  13:07:26,89,1545012266,0,Submitted,0.0,10.0,0.0,0.0
91,27042020  13:07:27,89,1545012267,0,Submitted,0.0,10.0,0.0,0.0
90,27042020  13:07:30,89,1545012266,0,Submitted,0.0,10.0,0.0,0.0
91,27042020  13:07:30,89,1545012267,0,Submitted,0.0,10.0,0.0,0.0
90,27042020  13:07:31,89,1545012266,0,Submitted,0.0,10.0,0.0,0.0
91,27042020  13:07:31,89,1545012267,0,Submitted,0.0,10.0,0.0,0.0
90,27042020  13:07:31,89,1545012266,0,Submitted,0.0,10.0,0.0,0.0
91,27042020  13:07:31,89,1545012267,0,Submitted,0.0,10.0,0.0,0.0
