1,20200427  08:30:00,3.0,2.69,3.0,2.69
1,20200427  08:31:00,2.81,2.73,2.76,2.78
1,20200427  08:32:00,2.9,2.76,2.76,2.9
1,20200427  08:33:00,3.0,2.9,2.9,2.96
1,20200427  08:34:00,2.99,2.92,2.97,2.96
1,20200427  08:35:00,3.05,2.94,2.99,3.0
1,20200427  08:36:00,3.0,2.91,2.98,2.95
1,20200427  08:37:00,3.0,2.96,2.96,3.0
1,20200427  08:38:00,3.1,3.0,3.0,3.05
1,20200427  08:39:00,3.1,3.0,3.05,3.05
1,20200427  08:40:00,3.09,3.05,3.06,3.08
1,20200427  08:41:00,3.07,3.0,3.07,3.02
1,20200427  08:42:00,3.2,3.0,3.0,3.2
1,20200427  08:43:00,3.2,3.15,3.17,3.2
1,20200427  08:44:00,3.19,3.1,3.18,3.14
1,20200427  08:45:00,3.2,3.17,3.17,3.2
1,20200427  08:46:00,3.18,3.1,3.18,3.1
1,20200427  08:47:00,3.15,3.05,3.05,3.15
1,20200427  08:48:00,3.1,3.06,3.1,3.06
1,20200427  08:49:00,3.15,3.05,3.06,3.15
1,20200427  08:50:00,3.1,3.0,3.1,3.0
1,20200427  08:51:00,3.03,3.0,3.0,3.02
1,20200427  08:52:00,3.15,3.09,3.09,3.15
1,20200427  08:53:00,3.15,3.05,3.15,3.05
1,20200427  08:54:00,3.07,2.93,3.07,2.95
1,20200427  08:55:00,3.03,2.97,2.97,3.0
1,20200427  08:56:00,3.1,2.99,3.0,3.1
1,20200427  08:57:00,3.07,3.05,3.05,3.05
1,20200427  08:58:00,3.0,2.99,3.0,2.99
1,20200427  08:59:00,2.97,2.97,2.97,2.97
1,20200427  09:00:00,2.99,2.92,2.93,2.99
1,20200427  09:01:00,3.0,2.97,2.97,3.0
1,20200427  09:02:00,2.94,2.89,2.94,2.89
1,20200427  09:03:00,2.96,2.91,2.91,2.94
1,20200427  09:04:00,2.96,2.95,2.95,2.95
1,20200427  09:05:00,2.95,2.94,2.94,2.95
1,20200427  09:06:00,2.94,2.94,2.94,2.94
1,20200427  09:07:00,3.0,2.97,2.97,3.0
1,20200427  09:08:00,3.04,3.0,3.0,3.03
1,20200427  09:09:00,3.05,3.0,3.0,3.03
1,20200427  09:10:00,3.05,3.01,3.01,3.05
1,20200427  09:11:00,3.01,3.0,3.01,3.01
1,20200427  09:12:00,3.05,3.0,3.0,3.05
1,20200427  09:13:00,3.08,3.03,3.03,3.08
1,20200427  09:14:00,3.1,3.07,3.07,3.1
1,20200427  09:15:00,3.1,3.0,3.1,3.0
1,20200427  09:16:00,3.05,3.0,3.0,3.05
1,20200427  09:17:00,3.05,3.0,3.0,3.05
1,20200427  09:18:00,3.05,3.05,3.05,3.05
1,20200427  09:19:00,2.99,2.99,2.99,2.99
1,20200427  09:20:00,2.94,2.94,2.94,2.94
1,20200427  09:21:00,2.97,2.94,2.94,2.97
1,20200427  09:22:00,2.94,2.93,2.93,2.94
1,20200427  09:23:00,2.89,2.84,2.89,2.88
1,20200427  09:24:00,2.91,2.87,2.87,2.87
1,20200427  09:25:00,2.87,2.86,2.87,2.87
1,20200427  09:26:00,2.91,2.91,2.91,2.91
1,20200427  09:27:00,2.9,2.86,2.9,2.86
1,20200427  09:28:00,2.86,2.86,2.86,2.86
1,20200427  09:29:00,2.9,2.9,2.9,2.9
1,20200427  09:30:00,2.93,2.85,2.93,2.87
1,20200427  09:31:00,2.84,2.8,2.84,2.8
1,20200427  09:32:00,2.79,2.76,2.77,2.76
1,20200427  09:33:00,2.77,2.77,2.77,2.77
1,20200427  09:34:00,2.76,2.69,2.76,2.69
1,20200427  09:35:00,2.7,2.59,2.7,2.62
1,20200427  09:36:00,2.66,2.58,2.62,2.66
1,20200427  09:37:00,2.67,2.62,2.63,2.65
1,20200427  09:38:00,2.66,2.63,2.63,2.64
1,20200427  09:39:00,2.65,2.62,2.62,2.64
1,20200427  09:40:00,2.7,2.64,2.64,2.69
1,20200427  09:41:00,2.7,2.69,2.7,2.7
1,20200427  09:42:00,2.72,2.68,2.7,2.72
1,20200427  09:43:00,2.68,2.67,2.68,2.68
1,20200427  09:44:00,2.68,2.65,2.65,2.65
1,20200427  09:45:00,2.6,2.57,2.59,2.57
1,20200427  09:46:00,2.59,2.52,2.57,2.55
1,20200427  09:47:00,2.59,2.55,2.55,2.56
1,20200427  09:48:00,2.6,2.58,2.58,2.6
1,20200427  09:49:00,2.6,2.6,2.6,2.6
1,20200427  09:50:00,2.6,2.6,2.6,2.6
1,20200427  09:51:00,2.6,2.6,2.6,2.6
1,20200427  09:52:00,2.6,2.6,2.6,2.6
1,20200427  09:53:00,2.6,2.6,2.6,2.6
1,20200427  09:54:00,2.6,2.6,2.6,2.6
1,20200427  09:55:00,2.6,2.6,2.6,2.6
1,20200427  09:56:00,2.6,2.6,2.6,2.6
1,20200427  09:57:00,2.6,2.6,2.6,2.6
1,20200427  09:58:00,2.6,2.6,2.6,2.6
1,20200427  09:59:00,2.6,2.6,2.6,2.6
1,20200427  10:00:00,2.6,2.6,2.6,2.6
1,20200427  10:01:00,2.6,2.6,2.6,2.6
1,20200427  10:02:00,2.6,2.6,2.6,2.6
1,20200427  10:03:00,2.6,2.6,2.6,2.6
1,20200427  10:04:00,2.6,2.6,2.6,2.6
1,20200427  10:05:00,2.6,2.6,2.6,2.6
1,20200427  10:06:00,2.6,2.6,2.6,2.6
1,20200427  10:07:00,2.6,2.6,2.6,2.6
1,20200427  10:08:00,2.6,2.6,2.6,2.6
1,20200427  10:09:00,2.6,2.6,2.6,2.6
1,20200427  10:10:00,2.6,2.6,2.6,2.6
1,20200427  10:11:00,2.6,2.6,2.6,2.6
1,20200427  10:12:00,2.6,2.6,2.6,2.6
1,20200427  10:13:00,2.6,2.6,2.6,2.6
1,20200427  10:14:00,2.6,2.6,2.6,2.6
1,20200427  10:15:00,2.6,2.6,2.6,2.6
1,20200427  10:16:00,2.6,2.6,2.6,2.6
1,20200427  10:17:00,2.6,2.6,2.6,2.6
1,20200427  10:18:00,2.6,2.6,2.6,2.6
1,20200427  10:19:00,2.6,2.6,2.6,2.6
1,20200427  10:20:00,2.6,2.6,2.6,2.6
1,20200427  10:21:00,2.6,2.6,2.6,2.6
1,20200427  10:22:00,2.6,2.6,2.6,2.6
1,20200427  10:23:00,2.6,2.6,2.6,2.6
1,20200427  10:24:00,2.6,2.6,2.6,2.6
1,20200427  10:25:00,2.6,2.6,2.6,2.6
1,20200427  10:26:00,2.6,2.6,2.6,2.6
1,20200427  10:27:00,2.6,2.6,2.6,2.6
1,20200427  10:28:00,2.6,2.6,2.6,2.6
1,20200427  10:29:00,2.6,2.6,2.6,2.6
1,20200427  10:30:00,2.6,2.6,2.6,2.6
1,20200427  10:31:00,2.6,2.6,2.6,2.6
1,20200427  10:32:00,2.6,2.6,2.6,2.6
1,20200427  10:33:00,2.6,2.6,2.6,2.6
1,20200427  10:34:00,2.6,2.6,2.6,2.6
1,20200427  10:35:00,2.6,2.6,2.6,2.6
1,20200427  10:36:00,2.6,2.6,2.6,2.6
1,20200427  10:37:00,2.6,2.6,2.6,2.6
1,20200427  10:38:00,2.6,2.6,2.6,2.6
1,20200427  10:39:00,2.6,2.6,2.6,2.6
1,20200427  10:40:00,2.6,2.6,2.6,2.6
1,20200427  10:41:00,2.6,2.6,2.6,2.6
1,20200427  10:42:00,2.6,2.6,2.6,2.6
1,20200427  10:43:00,2.6,2.6,2.6,2.6
1,20200427  10:44:00,2.6,2.6,2.6,2.6
1,20200427  10:45:00,2.6,2.6,2.6,2.6
1,20200427  10:46:00,2.6,2.6,2.6,2.6
1,20200427  10:47:00,2.6,2.6,2.6,2.6
1,20200427  10:48:00,2.6,2.6,2.6,2.6
1,20200427  10:49:00,2.6,2.6,2.6,2.6
1,20200427  10:50:00,2.6,2.6,2.6,2.6
1,20200427  10:51:00,2.6,2.6,2.6,2.6
1,20200427  10:52:00,2.6,2.6,2.6,2.6
1,20200427  10:53:00,2.6,2.6,2.6,2.6
1,20200427  10:54:00,2.6,2.6,2.6,2.6
1,20200427  10:55:00,2.6,2.6,2.6,2.6
1,20200427  10:56:00,2.6,2.6,2.6,2.6
1,20200427  10:57:00,2.6,2.6,2.6,2.6
1,20200427  10:58:00,2.6,2.6,2.6,2.6
1,20200427  10:59:00,2.6,2.6,2.6,2.6
1,20200427  11:00:00,2.6,2.6,2.6,2.6
1,20200427  11:01:00,2.6,2.6,2.6,2.6
1,20200427  11:02:00,2.6,2.6,2.6,2.6
1,20200427  11:03:00,2.6,2.6,2.6,2.6
1,20200427  11:04:00,2.6,2.6,2.6,2.6
1,20200427  11:05:00,2.6,2.6,2.6,2.6
1,20200427  11:06:00,2.6,2.6,2.6,2.6
1,20200427  11:07:00,2.6,2.6,2.6,2.6
1,20200427  11:08:00,2.6,2.6,2.6,2.6
1,20200427  11:09:00,2.6,2.6,2.6,2.6
1,20200427  11:10:00,2.6,2.6,2.6,2.6
1,20200427  11:11:00,2.6,2.6,2.6,2.6
1,20200427  11:12:00,2.6,2.6,2.6,2.6
1,20200427  11:13:00,2.6,2.6,2.6,2.6
1,20200427  11:14:00,2.6,2.6,2.6,2.6
1,20200427  11:15:00,2.6,2.6,2.6,2.6
1,20200427  11:16:00,2.6,2.6,2.6,2.6
1,20200427  11:17:00,2.6,2.6,2.6,2.6
1,20200427  11:18:00,2.6,2.6,2.6,2.6
1,20200427  11:19:00,2.6,2.6,2.6,2.6
1,20200427  11:20:00,2.6,2.6,2.6,2.6
1,20200427  11:21:00,2.6,2.6,2.6,2.6
1,20200427  11:22:00,2.6,2.6,2.6,2.6
1,20200427  11:23:00,2.6,2.6,2.6,2.6
1,20200427  11:24:00,2.6,2.6,2.6,2.6
1,20200427  11:25:00,2.6,2.6,2.6,2.6
1,20200427  11:26:00,2.6,2.6,2.6,2.6
1,20200427  11:27:00,2.6,2.6,2.6,2.6
1,20200427  11:28:00,2.6,2.6,2.6,2.6
1,20200427  11:29:00,2.6,2.6,2.6,2.6
1,20200427  11:30:00,2.6,2.6,2.6,2.6
1,20200427  11:31:00,2.6,2.6,2.6,2.6
1,20200427  11:32:00,2.6,2.6,2.6,2.6
1,20200427  11:33:00,2.6,2.6,2.6,2.6
1,20200427  11:34:00,2.6,2.6,2.6,2.6
1,20200427  11:35:00,2.6,2.6,2.6,2.6
1,20200427  11:36:00,2.6,2.6,2.6,2.6
1,20200427  11:37:00,2.6,2.6,2.6,2.6
1,20200427  11:38:00,2.6,2.6,2.6,2.6
1,20200427  11:39:00,2.6,2.6,2.6,2.6
1,20200427  11:40:00,2.6,2.6,2.6,2.6
1,20200427  11:41:00,2.6,2.6,2.6,2.6
1,20200427  11:42:00,2.6,2.6,2.6,2.6
1,20200427  11:43:00,2.6,2.6,2.6,2.6
1,20200427  11:44:00,2.6,2.6,2.6,2.6
1,20200427  11:45:00,2.6,2.6,2.6,2.6
1,20200427  11:46:00,2.6,2.6,2.6,2.6
1,20200427  11:47:00,2.6,2.6,2.6,2.6
1,20200427  11:48:00,2.6,2.6,2.6,2.6
1,20200427  11:49:00,2.6,2.6,2.6,2.6
1,20200427  11:50:00,2.6,2.6,2.6,2.6
1,20200427  11:51:00,2.6,2.6,2.6,2.6
1,20200427  11:52:00,2.6,2.6,2.6,2.6
1,20200427  11:53:00,2.6,2.6,2.6,2.6
1,20200427  11:54:00,2.6,2.6,2.6,2.6
1,20200427  11:55:00,2.6,2.6,2.6,2.6
1,20200427  11:56:00,2.6,2.6,2.6,2.6
1,20200427  11:57:00,2.6,2.6,2.6,2.6
1,20200427  11:58:00,2.6,2.6,2.6,2.6
1,20200427  11:59:00,2.6,2.6,2.6,2.6
1,20200427  12:00:00,2.6,2.6,2.6,2.6
1,20200427  12:01:00,2.6,2.6,2.6,2.6
1,20200427  12:02:00,2.6,2.6,2.6,2.6
1,20200427  12:03:00,2.6,2.6,2.6,2.6
1,20200427  12:04:00,2.6,2.6,2.6,2.6
1,20200427  12:05:00,2.6,2.6,2.6,2.6
1,20200427  12:06:00,2.6,2.6,2.6,2.6
1,20200427  12:07:00,2.6,2.6,2.6,2.6
1,20200427  12:08:00,2.6,2.6,2.6,2.6
1,20200427  12:09:00,2.6,2.6,2.6,2.6
1,20200427  12:10:00,2.6,2.6,2.6,2.6
1,20200427  12:11:00,2.6,2.6,2.6,2.6
1,20200427  12:12:00,2.6,2.6,2.6,2.6
1,20200427  12:13:00,2.6,2.6,2.6,2.6
1,20200427  12:14:00,2.6,2.6,2.6,2.6
1,20200427  12:15:00,2.6,2.6,2.6,2.6
1,20200427  12:16:00,2.6,2.6,2.6,2.6
1,20200427  12:17:00,2.6,2.6,2.6,2.6
1,20200427  12:18:00,2.6,2.6,2.6,2.6
1,20200427  12:19:00,2.6,2.6,2.6,2.6
1,20200427  12:20:00,2.6,2.6,2.6,2.6
1,20200427  12:21:00,2.6,2.6,2.6,2.6
1,20200427  12:22:00,2.6,2.6,2.6,2.6
1,20200427  12:23:00,2.6,2.6,2.6,2.6
1,20200427  12:24:00,2.6,2.6,2.6,2.6
1,20200427  12:25:00,2.6,2.6,2.6,2.6
1,20200427  12:26:00,2.6,2.6,2.6,2.6
1,20200427  12:27:00,2.6,2.6,2.6,2.6
1,20200427  12:28:00,2.6,2.6,2.6,2.6
1,20200427  12:29:00,2.6,2.6,2.6,2.6
1,20200427  12:30:00,2.6,2.6,2.6,2.6
1,20200427  12:31:00,2.6,2.6,2.6,2.6
1,20200427  12:32:00,2.6,2.6,2.6,2.6
1,20200427  12:33:00,2.6,2.6,2.6,2.6
1,20200427  12:34:00,2.6,2.6,2.6,2.6
1,20200427  12:35:00,2.6,2.6,2.6,2.6
1,20200427  12:36:00,2.6,2.6,2.6,2.6
1,20200427  12:37:00,2.6,2.6,2.6,2.6
1,20200427  12:38:00,2.6,2.6,2.6,2.6
1,20200427  12:39:00,2.6,2.6,2.6,2.6
1,20200427  12:40:00,2.6,2.6,2.6,2.6
1,20200427  12:41:00,2.6,2.6,2.6,2.6
1,20200427  12:42:00,2.6,2.6,2.6,2.6
1,20200427  12:43:00,2.6,2.6,2.6,2.6
1,20200427  12:44:00,2.6,2.6,2.6,2.6
1,20200427  12:45:00,2.6,2.6,2.6,2.6
1,20200427  12:46:00,2.6,2.6,2.6,2.6
1,20200427  12:47:00,2.6,2.6,2.6,2.6
1,20200427  12:48:00,2.6,2.6,2.6,2.6
1,20200427  12:49:00,2.6,2.6,2.6,2.6
1,20200427  12:50:00,2.6,2.6,2.6,2.6
1,20200427  12:51:00,2.6,2.6,2.6,2.6
1,20200427  12:52:00,2.6,2.6,2.6,2.6
1,20200427  12:53:00,2.6,2.6,2.6,2.6
1,20200427  12:54:00,2.6,2.6,2.6,2.6
1,20200427  12:55:00,2.6,2.6,2.6,2.6
1,20200427  12:56:00,2.6,2.6,2.6,2.6
1,20200427  12:57:00,2.6,2.6,2.6,2.6
1,20200427  12:58:00,2.6,2.6,2.6,2.6
1,20200427  12:59:00,2.6,2.6,2.6,2.6
1,20200427  13:00:00,2.6,2.6,2.6,2.6
1,20200427  13:01:00,2.6,2.6,2.6,2.6
1,20200427  13:02:00,2.6,2.6,2.6,2.6
1,20200427  13:03:00,2.6,2.6,2.6,2.6
1,20200427  13:04:00,2.6,2.6,2.6,2.6
1,20200427  13:05:00,2.6,2.6,2.6,2.6
1,20200427  13:06:00,2.6,2.6,2.6,2.6
1,20200427  13:07:00,2.6,2.6,2.6,2.6
1,20200427  13:08:00,2.6,2.6,2.6,2.6
1,20200427  13:09:00,2.6,2.6,2.6,2.6
1,20200427  13:10:00,2.6,2.6,2.6,2.6
1,20200427  13:11:00,2.6,2.6,2.6,2.6
1,20200427  13:12:00,2.6,2.6,2.6,2.6
1,20200427  13:13:00,2.6,2.6,2.6,2.6
1,20200427  13:14:00,2.6,2.6,2.6,2.6
1,20200427  13:15:00,2.6,2.6,2.6,2.6
1,20200427  13:16:00,2.6,2.6,2.6,2.6
1,20200427  13:17:00,2.6,2.6,2.6,2.6
1,20200427  13:18:00,2.6,2.6,2.6,2.6
1,20200427  13:19:00,2.6,2.6,2.6,2.6
1,20200427  13:20:00,2.6,2.6,2.6,2.6
1,20200427  13:21:00,2.6,2.6,2.6,2.6
1,20200427  13:22:00,2.6,2.6,2.6,2.6
1,20200427  13:23:00,2.6,2.6,2.6,2.6
1,20200427  13:24:00,2.6,2.6,2.6,2.6
1,20200427  13:25:00,2.6,2.6,2.6,2.6
1,20200427  13:26:00,2.6,2.6,2.6,2.6
1,20200427  13:27:00,2.6,2.6,2.6,2.6
1,20200427  13:28:00,2.6,2.6,2.6,2.6
1,20200427  13:29:00,2.6,2.6,2.6,2.6
1,20200427  13:30:00,2.6,2.6,2.6,2.6
1,20200427  13:31:00,2.25,2.25,2.25,2.25
1,20200427  13:32:00,2.3,2.3,2.3,2.3
1,20200427  13:33:00,2.3,2.3,2.3,2.3
1,20200427  13:34:00,2.29,2.28,2.29,2.28
1,20200427  13:35:00,2.28,2.28,2.28,2.28
1,20200427  13:36:00,2.3,2.3,2.3,2.3
1,20200427  13:37:00,2.3,2.3,2.3,2.3
1,20200427  13:38:00,2.36,2.33,2.34,2.33
1,20200427  13:39:00,2.33,2.33,2.33,2.33
1,20200427  13:40:00,2.36,2.35,2.36,2.35
1,20200427  13:41:00,2.36,2.36,2.36,2.36
1,20200427  13:42:00,2.34,2.34,2.34,2.34
1,20200427  13:43:00,2.33,2.31,2.33,2.31
1,20200427  13:44:00,2.34,2.31,2.32,2.34
1,20200427  13:45:00,2.34,2.34,2.34,2.34
1,20200427  13:46:00,2.35,2.35,2.35,2.35
1,20200427  13:47:00,2.32,2.32,2.32,2.32
1,20200427  13:48:00,2.32,2.32,2.32,2.32
1,20200427  13:49:00,2.35,2.35,2.35,2.35
1,20200427  13:50:00,2.35,2.32,2.34,2.32
1,20200427  13:51:00,2.33,2.33,2.33,2.33
1,20200427  13:52:00,2.33,2.33,2.33,2.33
1,20200427  13:53:00,2.32,2.32,2.32,2.32
1,20200427  13:54:00,2.3,2.29,2.3,2.29
1,20200427  13:55:00,2.29,2.29,2.29,2.29
1,20200427  13:56:00,2.29,2.29,2.29,2.29
A1,20200427  13:56:00,2.29,2.29,2.29,2.29
