107,27042020  13:56:10,0,1375262162,0,PreSubmitted,0.0,10.0,0.0,0.0
108,27042020  13:56:10,107,1375262163,0,PreSubmitted,0.0,10.0,0.0,0.0
108,27042020  13:56:10,107,1375262163,0,PreSubmitted,0.0,10.0,0.0,0.0
108,27042020  13:56:10,107,1375262163,0,PreSubmitted,0.0,10.0,0.0,0.0
107,27042020  13:56:10,0,1375262162,0,Submitted,0.0,10.0,0.0,0.0
109,27042020  13:56:10,107,1375262164,0,PendingSubmit,0.0,10.0,0.0,0.0
109,27042020  13:56:10,107,1375262164,0,PreSubmitted,0.0,10.0,0.0,0.0
108,27042020  13:56:10,107,1375262163,0,PreSubmitted,0.0,10.0,0.0,0.0
109,27042020  13:56:11,107,1375262164,0,PreSubmitted,0.0,10.0,0.0,0.0
108,27042020  13:56:15,107,1375262163,0,PreSubmitted,0.0,10.0,0.0,0.0
109,27042020  13:56:15,107,1375262164,0,PreSubmitted,0.0,10.0,0.0,0.0
108,27042020  13:56:15,107,1375262163,0,PreSubmitted,0.0,10.0,0.0,0.0
109,27042020  13:56:16,107,1375262164,0,PreSubmitted,0.0,10.0,0.0,0.0
108,27042020  13:56:20,107,1375262163,0,PreSubmitted,0.0,10.0,0.0,0.0
109,27042020  13:56:20,107,1375262164,0,PreSubmitted,0.0,10.0,0.0,0.0
108,27042020  13:56:20,107,1375262163,0,PreSubmitted,0.0,10.0,0.0,0.0
109,27042020  13:56:20,107,1375262164,0,PreSubmitted,0.0,10.0,0.0,0.0
108,27042020  13:56:25,107,1375262163,0,PreSubmitted,0.0,10.0,0.0,0.0
109,27042020  13:56:25,107,1375262164,0,PreSubmitted,0.0,10.0,0.0,0.0
108,27042020  13:56:25,107,1375262163,0,PreSubmitted,0.0,10.0,0.0,0.0
109,27042020  13:56:26,107,1375262164,0,PreSubmitted,0.0,10.0,0.0,0.0
108,27042020  13:56:30,107,1375262163,0,PreSubmitted,0.0,10.0,0.0,0.0
109,27042020  13:56:30,107,1375262164,0,PreSubmitted,0.0,10.0,0.0,0.0
108,27042020  13:56:30,107,1375262163,0,PreSubmitted,0.0,10.0,0.0,0.0
109,27042020  13:56:30,107,1375262164,0,PreSubmitted,0.0,10.0,0.0,0.0
108,27042020  13:56:35,107,1375262163,0,PreSubmitted,0.0,10.0,0.0,0.0
109,27042020  13:56:35,107,1375262164,0,PreSubmitted,0.0,10.0,0.0,0.0
108,27042020  13:56:36,107,1375262163,0,PreSubmitted,0.0,10.0,0.0,0.0
109,27042020  13:56:36,107,1375262164,0,PreSubmitted,0.0,10.0,0.0,0.0
108,27042020  13:56:40,107,1375262163,0,PreSubmitted,0.0,10.0,0.0,0.0
109,27042020  13:56:40,107,1375262164,0,PreSubmitted,0.0,10.0,0.0,0.0
108,27042020  13:56:41,107,1375262163,0,PreSubmitted,0.0,10.0,0.0,0.0
109,27042020  13:56:41,107,1375262164,0,PreSubmitted,0.0,10.0,0.0,0.0
108,27042020  13:56:45,107,1375262163,0,PreSubmitted,0.0,10.0,0.0,0.0
109,27042020  13:56:45,107,1375262164,0,PreSubmitted,0.0,10.0,0.0,0.0
108,27042020  13:56:46,107,1375262163,0,PreSubmitted,0.0,10.0,0.0,0.0
109,27042020  13:56:46,107,1375262164,0,PreSubmitted,0.0,10.0,0.0,0.0
108,27042020  13:56:50,107,1375262163,0,PendingSubmit,0.0,10.0,0.0,0.0
109,27042020  13:56:50,107,1375262164,0,PendingSubmit,0.0,10.0,0.0,0.0
108,27042020  13:56:50,107,1375262163,0,PreSubmitted,0.0,10.0,0.0,0.0
109,27042020  13:56:50,107,1375262164,0,PreSubmitted,0.0,10.0,0.0,0.0
108,27042020  13:56:55,107,1375262163,0,PreSubmitted,0.0,10.0,0.0,0.0
109,27042020  13:56:55,107,1375262164,0,PreSubmitted,0.0,10.0,0.0,0.0
108,27042020  13:56:55,107,1375262163,0,PreSubmitted,0.0,10.0,0.0,0.0
109,27042020  13:56:55,107,1375262164,0,PreSubmitted,0.0,10.0,0.0,0.0
108,27042020  13:57:00,107,1375262163,0,PreSubmitted,0.0,10.0,0.0,0.0
109,27042020  13:57:00,107,1375262164,0,PreSubmitted,0.0,10.0,0.0,0.0
109,27042020  13:57:00,107,1375262164,0,PreSubmitted,0.0,10.0,0.0,0.0
109,27042020  13:57:00,107,1375262164,0,PreSubmitted,0.0,10.0,0.0,0.0
107,27042020  13:57:00,0,1375262162,0,Filled,10.0,0.0,1.08329,1.08329
107,27042020  13:57:00,0,1375262162,0,Filled,10.0,0.0,1.08329,1.08329
108,27042020  13:57:00,107,1375262163,0,PreSubmitted,0.0,10.0,0.0,0.0
108,27042020  13:57:00,107,1375262163,0,Submitted,0.0,10.0,0.0,0.0
109,27042020  13:57:00,107,1375262164,0,PreSubmitted,0.0,10.0,0.0,0.0
108,27042020  13:57:01,107,1375262163,0,Submitted,0.0,10.0,0.0,0.0
108,27042020  13:57:01,107,1375262163,0,Submitted,0.0,10.0,0.0,0.0
109,27042020  13:57:01,107,1375262164,0,PreSubmitted,0.0,10.0,0.0,0.0
109,27042020  13:57:01,107,1375262164,0,PreSubmitted,0.0,10.0,0.0,0.0
109,27042020  13:57:02,107,1375262164,0,Submitted,0.0,10.0,0.0,0.0
108,27042020  13:57:05,107,1375262163,0,Submitted,0.0,10.0,0.0,0.0
109,27042020  13:57:05,107,1375262164,0,Submitted,0.0,10.0,0.0,0.0
108,27042020  13:57:05,107,1375262163,0,Submitted,0.0,10.0,0.0,0.0
109,27042020  13:57:05,107,1375262164,0,Submitted,0.0,10.0,0.0,0.0
108,27042020  13:57:10,107,1375262163,0,Submitted,0.0,10.0,0.0,0.0
109,27042020  13:57:10,107,1375262164,0,Submitted,0.0,10.0,0.0,0.0
108,27042020  13:57:10,107,1375262163,0,Submitted,0.0,10.0,0.0,0.0
109,27042020  13:57:10,107,1375262164,0,Submitted,0.0,10.0,0.0,0.0
108,27042020  13:57:15,107,1375262163,0,Submitted,0.0,10.0,0.0,0.0
109,27042020  13:57:15,107,1375262164,0,Submitted,0.0,10.0,0.0,0.0
108,27042020  13:57:15,107,1375262163,0,Submitted,0.0,10.0,0.0,0.0
109,27042020  13:57:15,107,1375262164,0,Submitted,0.0,10.0,0.0,0.0
108,27042020  13:57:16,107,1375262163,0,Submitted,0.0,10.0,0.0,0.0
109,27042020  13:57:16,107,1375262164,0,Submitted,0.0,10.0,0.0,0.0
