1,20200723  09:29:17,385.095,385.06,385.075,385.08
1,20200723  09:29:18,385.125,385.075,385.08,385.125
1,20200723  09:29:19,385.125,385.11,385.125,385.115
1,20200723  09:29:20,385.115,385.08,385.115,385.085
1,20200723  09:29:21,385.095,385.06,385.085,385.09
1,20200723  09:29:22,385.09,385.09,385.09,385.09
1,20200723  09:29:23,385.09,385.085,385.09,385.085
1,20200723  09:29:24,385.085,385.045,385.085,385.065
1,20200723  09:29:25,385.095,385.065,385.065,385.09
1,20200723  09:29:26,385.17,385.09,385.09,385.13
1,20200723  09:29:27,385.135,385.11,385.13,385.11
1,20200723  09:29:28,385.11,385.035,385.11,385.04
1,20200723  09:29:29,385.09,385.035,385.04,385.075
1,20200723  09:29:30,385.08,385.075,385.075,385.08
1,20200723  09:29:31,385.08,385.045,385.08,385.055
1,20200723  09:29:32,385.07,385.03,385.055,385.055
1,20200723  09:29:33,385.06,385.02,385.055,385.03
1,20200723  09:29:34,385.045,385.03,385.03,385.045
1,20200723  09:29:35,385.045,385.035,385.045,385.035
1,20200723  09:29:36,385.035,385.035,385.035,385.035
1,20200723  09:29:37,385.035,385.035,385.035,385.035
1,20200723  09:29:38,385.035,384.95,385.035,384.955
1,20200723  09:29:39,384.955,384.94,384.955,384.94
1,20200723  09:29:40,385.0,384.93,384.94,384.99
1,20200723  09:29:41,384.99,384.915,384.99,384.915
1,20200723  09:29:42,384.985,384.915,384.915,384.95
1,20200723  09:29:43,384.955,384.855,384.95,384.87
1,20200723  09:29:44,384.89,384.86,384.87,384.885
1,20200723  09:29:45,384.93,384.885,384.885,384.9
1,20200723  09:29:46,384.9,384.9,384.9,384.9
1,20200723  09:29:47,384.9,384.9,384.9,384.9
1,20200723  09:29:48,384.915,384.9,384.9,384.91
1,20200723  09:29:49,384.915,384.91,384.91,384.915
1,20200723  09:29:50,384.96,384.905,384.915,384.95
1,20200723  09:29:51,385.03,384.95,384.95,385.03
1,20200723  09:29:52,385.035,385.02,385.03,385.03
1,20200723  09:29:53,385.075,385.03,385.03,385.07
1,20200723  09:29:54,385.09,385.065,385.07,385.065
1,20200723  09:29:55,385.12,385.06,385.065,385.1
1,20200723  09:29:56,385.1,385.08,385.1,385.08
1,20200723  09:29:57,385.08,385.065,385.08,385.065
1,20200723  09:29:58,385.065,385.065,385.065,385.065
1,20200723  09:29:59,385.065,385.055,385.065,385.055
1,20200723  09:30:00,385.08,385.055,385.055,385.075
1,20200723  09:30:01,385.12,385.075,385.075,385.11
1,20200723  09:30:02,385.11,385.055,385.11,385.07
1,20200723  09:30:03,385.09,385.06,385.07,385.06
1,20200723  09:30:04,385.105,385.06,385.06,385.105
1,20200723  09:30:05,385.18,385.1,385.105,385.18
1,20200723  09:30:06,385.26,385.18,385.18,385.235
1,20200723  09:30:07,385.265,385.235,385.235,385.235
1,20200723  09:30:08,385.235,385.205,385.235,385.205
1,20200723  09:30:09,385.205,385.2,385.205,385.2
1,20200723  09:30:10,385.205,385.2,385.2,385.2
1,20200723  09:30:11,385.205,385.2,385.2,385.205
1,20200723  09:30:12,385.225,385.205,385.205,385.225
1,20200723  09:30:13,385.225,385.18,385.225,385.19
1,20200723  09:30:14,385.19,385.175,385.19,385.175
1,20200723  09:30:15,385.175,385.125,385.175,385.135
1,20200723  09:30:16,385.14,385.13,385.135,385.13
A1,20200723  09:30:15,385.175,385.025,385.175,385.025
A1,20200723  09:30:20,385.05,384.995,385.025,385.035
A1,20200723  09:30:25,385.07,385.035,385.035,385.06
